train_acc	val_acc	train_auc	val_auc	train_loss	val_loss	val_mmc	tn	fp	fn	tp	time	ep_stopped	index_fold	seed
0.97979796	0.72727275	0.98855835	0.77777778	0.13351303	0.44788691	0.24056261	7.0	2.0	1.0	1.0	38.64023662	12.0	0.0	1.0
0.969697	0.81818181	0.99885584	0.94444444	0.07829081	0.28865138	0.0	9.0	0.0	2.0	0.0	55.59986615	22.0	1.0	1.0
0.97979796	0.90909094	0.99485126	0.88888889	0.10964876	0.22615805	0.76980036	8.0	1.0	0.0	2.0	71.90012789	17.0	2.0	1.0
0.98989898	0.90909094	1.0	1.0	0.07501419	0.12823927	0.67082039	9.0	0.0	1.0	1.0	90.12387323	21.0	3.0	1.0
0.92929292	0.81818181	0.96967963	0.66666667	0.2173902	0.46907663	0.38888889	8.0	1.0	1.0	1.0	107.55348277	12.0	4.0	1.0
1.0	0.90909094	1.0	1.0	0.01692043	0.11613087	0.76980036	8.0	0.0	1.0	2.0	126.7601676	49.0	5.0	1.0
1.0	0.72727275	1.0	0.875	0.04521882	0.36844653	0.24056261	7.0	1.0	2.0	1.0	144.2697618	30.0	6.0	1.0
1.0	0.90909094	1.0	0.95833333	0.01476953	0.1988339	0.76980036	8.0	0.0	1.0	2.0	163.35291648	48.0	7.0	1.0
0.93939394	0.72727275	0.97461629	0.58333333	0.18754603	0.70442957	0.38575837	6.0	2.0	1.0	2.0	179.12250113	9.0	8.0	1.0
1.0	0.81818181	1.0	1.0	0.03847778	0.2194386	0.51639778	8.0	0.0	2.0	1.0	197.13938379	30.0	9.0	1.0
0.97979796	0.90909094	0.99885584	0.94444444	0.0853799	0.2185073	0.67082039	9.0	0.0	1.0	1.0	217.99210668	21.0	0.0	2.0
0.98989898	0.72727275	1.0	0.88888889	0.08131428	0.33589116	-0.1490712	8.0	1.0	2.0	0.0	236.08654499	29.0	1.0	2.0
1.0	0.81818181	1.0	0.88888889	0.03702267	0.30582681	0.38888889	8.0	1.0	1.0	1.0	255.92570639	40.0	2.0	2.0
1.0	0.90909094	1.0	1.0	0.03414572	0.16347796	0.67082039	9.0	0.0	1.0	1.0	276.29901075	37.0	3.0	2.0
1.0	0.90909094	1.0	0.94444444	8.626e-05	0.17907971	0.67082039	9.0	0.0	1.0	1.0	328.37717557	500.0	4.0	2.0
0.98989898	0.90909094	1.0	1.0	0.06751784	0.14297903	0.81009259	7.0	1.0	0.0	3.0	347.58207488	22.0	5.0	2.0
0.969697	0.81818181	0.99645809	1.0	0.1084305	0.41738322	0.51639778	8.0	0.0	2.0	1.0	371.38727093	16.0	6.0	2.0
0.92929292	0.81818181	0.98229044	0.91666667	0.16001904	0.5107969	0.51639778	8.0	0.0	2.0	1.0	391.53346014	13.0	7.0	2.0
0.92929292	0.63636363	0.97402597	0.75	0.20539171	0.6246807	0.08333333	6.0	2.0	2.0	1.0	410.0629344	9.0	8.0	2.0
1.0	0.81818181	1.0	0.75	0.05722997	0.5051958	0.51639778	8.0	0.0	2.0	1.0	430.50541496	30.0	9.0	2.0
1.0	1.0	1.0	1.0	8.026e-05	0.11341859	1.0	9.0	0.0	0.0	2.0	484.57527828	500.0	0.0	3.0
1.0	1.0	1.0	1.0	0.00013026	0.05934327	1.0	9.0	0.0	0.0	2.0	532.47940469	424.0	1.0	3.0
0.93939394	0.72727275	0.98226545	0.5	0.1869895	0.66342497	-0.1490712	8.0	1.0	2.0	0.0	551.63829994	10.0	2.0	3.0
0.95959598	0.90909094	0.98798627	0.94444444	0.15071674	0.27005398	0.67082039	9.0	0.0	1.0	1.0	576.06831956	13.0	3.0	3.0
0.94949496	0.81818181	0.98398169	0.66666667	0.16024361	0.46625754	0.38888889	8.0	1.0	1.0	1.0	595.87102985	12.0	4.0	3.0
1.0	0.81818181	1.0	1.0	0.03067616	0.23188843	0.51639778	8.0	0.0	2.0	1.0	619.9862659	39.0	5.0	3.0
1.0	0.90909094	1.0	0.95833333	0.0015553	0.19489375	0.76980036	8.0	0.0	1.0	2.0	648.72584033	141.0	6.0	3.0
1.0	0.90909094	1.0	1.0	0.02136591	0.16133548	0.76980036	8.0	0.0	1.0	2.0	671.01440883	48.0	7.0	3.0
1.0	0.90909094	1.0	1.0	0.00011309	0.17570211	0.76980036	8.0	0.0	1.0	2.0	725.9039681	500.0	8.0	3.0
0.969697	0.63636363	0.98583235	0.79166667	0.15244002	0.44928101	0.08333333	6.0	2.0	2.0	1.0	748.29383063	13.0	9.0	3.0
1.0	1.0	1.0	1.0	6.869e-05	0.04214731	1.0	9.0	0.0	0.0	2.0	805.85238552	500.0	0.0	4.0
1.0	1.0	1.0	1.0	5.731e-05	0.01443026	1.0	9.0	0.0	0.0	2.0	863.23131824	500.0	1.0	4.0
0.94949496	0.90909094	0.98627002	0.88888889	0.16430861	0.3704282	0.67082039	9.0	0.0	1.0	1.0	885.19322181	13.0	2.0	4.0
0.94949496	0.72727275	0.98112128	0.61111111	0.21501959	0.58778691	0.24056261	7.0	2.0	1.0	1.0	909.83542156	9.0	3.0	4.0
0.95959598	0.90909094	0.98970252	0.94444444	0.1477278	0.23235479	0.76980036	8.0	1.0	0.0	2.0	932.21910095	16.0	4.0	4.0
0.95959598	0.72727275	0.98878394	0.875	0.14454311	0.44116047	0.24056261	7.0	1.0	2.0	1.0	954.59153795	14.0	5.0	4.0
1.0	0.81818181	1.0	0.875	0.03840584	0.37830746	0.54166667	7.0	1.0	1.0	2.0	976.32599306	28.0	6.0	4.0
1.0	0.90909094	1.0	0.91666667	0.02558715	0.28590828	0.76980036	8.0	0.0	1.0	2.0	999.74041581	39.0	7.0	4.0
0.969697	0.72727275	0.99173554	0.83333333	0.11701578	0.52231544	0.0	8.0	0.0	3.0	0.0	1021.56501198	17.0	8.0	4.0
0.969697	0.90909094	0.99350649	0.95833333	0.13227156	0.24639767	0.76980036	8.0	0.0	1.0	2.0	1043.48710251	18.0	9.0	4.0
1.0	1.0	1.0	1.0	0.0007208	0.07192227	1.0	9.0	0.0	0.0	2.0	1081.27289677	222.0	0.0	5.0
0.90909094	0.81818181	0.96567506	0.38888889	0.23276138	0.67011124	0.0	9.0	0.0	2.0	0.0	1101.98120213	9.0	1.0	5.0
1.0	0.90909094	1.0	1.0	0.0073601	0.18065841	0.67082039	9.0	0.0	1.0	1.0	1128.02958131	80.0	2.0	5.0
0.969697	0.81818181	0.99485126	0.88888889	0.11115526	0.34297359	0.0	9.0	0.0	2.0	0.0	1151.09905148	21.0	3.0	5.0
0.969697	0.90909094	0.99771167	0.94444444	0.08884138	0.17658924	0.67082039	9.0	0.0	1.0	1.0	1173.30782723	21.0	4.0	5.0
0.92929292	0.72727275	0.9811098	0.83333333	0.17989242	0.74963456	0.0	8.0	0.0	3.0	0.0	1195.92038631	12.0	5.0	5.0
0.95959598	0.81818181	0.99350649	0.875	0.11307902	0.41973364	0.54166667	7.0	1.0	1.0	2.0	1220.28305244	14.0	6.0	5.0
0.93939394	0.72727275	0.98170012	0.79166667	0.16527564	0.4657594	0.38575837	6.0	2.0	1.0	2.0	1243.69948626	12.0	7.0	5.0
1.0	0.72727275	1.0	0.91666667	0.04567591	0.39379883	0.24056261	7.0	1.0	2.0	1.0	1269.42411184	38.0	8.0	5.0
0.98989898	1.0	1.0	1.0	0.07535953	0.07413183	1.0	8.0	0.0	0.0	3.0	1293.42527771	24.0	9.0	5.0
0.95959598	0.63636363	0.97997712	0.55555556	0.18225565	0.55668598	-0.22222222	7.0	2.0	2.0	0.0	1316.41875362	11.0	0.0	6.0
0.95959598	0.90909094	0.99084668	0.77777778	0.13870409	0.4213897	0.67082039	9.0	0.0	1.0	1.0	1340.64258122	12.0	1.0	6.0
0.969697	0.81818181	0.99485126	0.94444444	0.12286196	0.28046939	0.38888889	8.0	1.0	1.0	1.0	1364.84108782	21.0	2.0	6.0
0.969697	0.81818181	0.98512586	0.88888889	0.15903071	0.39289176	0.38888889	8.0	1.0	1.0	1.0	1389.23685074	13.0	3.0	6.0
0.94949496	0.81818181	0.97940503	0.55555556	0.18163391	0.55548191	0.38888889	8.0	1.0	1.0	1.0	1413.64393973	10.0	4.0	6.0
0.97979796	0.81818181	0.99527745	0.95833333	0.11134525	0.29103166	0.51639778	8.0	0.0	2.0	1.0	1438.73054028	17.0	5.0	6.0
1.0	0.90909094	1.0	1.0	0.01437934	0.08482581	0.76980036	8.0	0.0	1.0	2.0	1466.75936794	57.0	6.0	6.0
0.969697	0.81818181	0.99881936	0.875	0.09999082	0.36860809	0.51639778	8.0	0.0	2.0	1.0	1490.69853735	21.0	7.0	6.0
1.0	0.90909094	1.0	0.875	0.02653774	0.39117	0.76980036	8.0	0.0	1.0	2.0	1517.26651835	29.0	8.0	6.0
1.0	1.0	1.0	1.0	8.766e-05	0.08561455	1.0	8.0	0.0	0.0	3.0	1584.04585314	500.0	9.0	6.0
0.94949496	0.63636363	0.98398169	0.72222222	0.19526538	0.58250386	-0.22222222	7.0	2.0	2.0	0.0	1614.52079988	9.0	0.0	7.0
0.92929292	0.63636363	0.96510297	0.77777778	0.25050791	0.55878127	-0.22222222	7.0	2.0	2.0	0.0	1639.1170938	9.0	1.0	7.0
0.9191919	0.81818181	0.97196796	0.77777778	0.208311	0.51401305	0.38888889	8.0	1.0	1.0	1.0	1663.01095343	10.0	2.0	7.0
1.0	1.0	1.0	1.0	7.976e-05	0.00781814	1.0	9.0	0.0	0.0	2.0	1728.01681185	500.0	3.0	7.0
1.0	1.0	1.0	1.0	9.172e-05	0.02290743	1.0	9.0	0.0	0.0	2.0	1797.76997733	500.0	4.0	7.0
0.97979796	0.90909094	1.0	0.95833333	0.07204246	0.27019656	0.81009259	7.0	1.0	0.0	3.0	1826.02007437	29.0	5.0	7.0
0.94949496	0.81818181	0.99409681	0.91666667	0.12522342	0.23512268	0.54166667	7.0	1.0	1.0	2.0	1850.97688293	18.0	6.0	7.0
0.93939394	0.81818181	0.98760331	0.70833333	0.14380141	0.65528953	0.51639778	8.0	0.0	2.0	1.0	1878.46652436	12.0	7.0	7.0
1.0	0.72727275	1.0	1.0	0.05951463	0.29678404	0.0	8.0	0.0	3.0	0.0	1907.13526702	29.0	8.0	7.0
0.969697	0.81818181	0.98524203	0.75	0.17408208	0.56084329	0.51639778	8.0	0.0	2.0	1.0	1933.23156476	16.0	9.0	7.0
1.0	0.90909094	1.0	0.88888889	0.06161558	0.32204971	0.67082039	9.0	0.0	1.0	1.0	1961.17345619	27.0	0.0	8.0
0.97979796	0.81818181	0.99313501	0.94444444	0.12370584	0.30087268	0.38888889	8.0	1.0	1.0	1.0	1988.94722819	19.0	1.0	8.0
1.0	1.0	1.0	1.0	6.68e-05	0.08276808	1.0	9.0	0.0	0.0	2.0	2059.03277183	500.0	2.0	8.0
0.98989898	0.90909094	1.0	1.0	0.07147185	0.10053966	0.67082039	9.0	0.0	1.0	1.0	2087.05787492	28.0	3.0	8.0
0.97979796	0.90909094	0.99485126	1.0	0.10480092	0.20451628	0.67082039	9.0	0.0	1.0	1.0	2117.44022417	20.0	4.0	8.0
0.95959598	0.81818181	0.98760331	0.75	0.14319569	0.66055578	0.51639778	8.0	0.0	2.0	1.0	2144.28761196	12.0	5.0	8.0
0.969697	0.72727275	0.99704841	0.91666667	0.09989569	0.40106198	0.38575837	6.0	2.0	1.0	2.0	2172.36399913	19.0	6.0	8.0
1.0	0.90909094	1.0	0.95833333	0.00320483	0.16132724	0.76980036	8.0	0.0	1.0	2.0	2206.82923412	96.0	7.0	8.0
0.95959598	0.72727275	0.98406139	0.875	0.15235971	0.39360487	0.24056261	7.0	1.0	2.0	1.0	2234.18272924	14.0	8.0	8.0
0.94949496	0.72727275	0.98229044	0.83333333	0.16321203	0.72255403	0.0	8.0	0.0	3.0	0.0	2261.61261058	12.0	9.0	8.0
0.94949496	0.81818181	0.98913043	0.77777778	0.15093945	0.34291461	0.0	9.0	0.0	2.0	0.0	2288.84792686	16.0	0.0	9.0
1.0	1.0	1.0	1.0	7.815e-05	0.03337754	1.0	9.0	0.0	0.0	2.0	2363.63713551	500.0	1.0	9.0
0.93939394	0.81818181	0.98398169	0.77777778	0.17095035	0.51042408	0.38888889	8.0	1.0	1.0	1.0	2393.53502345	10.0	2.0	9.0
0.94949496	0.81818181	0.98855835	0.77777778	0.15086256	0.48410475	0.0	9.0	0.0	2.0	0.0	2425.61039567	12.0	3.0	9.0
0.97979796	0.90909094	0.99084668	0.94444444	0.1434272	0.20445067	0.67082039	9.0	0.0	1.0	1.0	2456.35653019	17.0	4.0	9.0
0.97979796	0.81818181	1.0	0.91666667	0.07888001	0.33007163	0.54166667	7.0	1.0	1.0	2.0	2487.23240733	22.0	5.0	9.0
1.0	0.81818181	1.0	0.875	0.06487861	0.437893	0.54166667	7.0	1.0	1.0	2.0	2517.43899417	21.0	6.0	9.0
1.0	0.90909094	1.0	1.0	0.00907925	0.18184346	0.76980036	8.0	0.0	1.0	2.0	2551.21639848	61.0	7.0	9.0
0.969697	0.72727275	0.98819362	0.70833333	0.13818715	0.60646176	0.0	8.0	0.0	3.0	0.0	2581.00636363	13.0	8.0	9.0
1.0	0.90909094	1.0	1.0	0.04446698	0.19338728	0.76980036	8.0	0.0	1.0	2.0	2613.17106628	32.0	9.0	9.0
1.0	0.72727275	1.0	0.88888889	0.00357874	0.28012568	-0.1490712	8.0	1.0	2.0	0.0	2656.39229202	96.0	0.0	10.0
0.98989898	0.63636363	0.99942792	0.83333333	0.05486155	0.45260084	0.13363062	6.0	3.0	1.0	1.0	2688.06633258	22.0	1.0	10.0
1.0	1.0	1.0	1.0	6.924e-05	6.087e-05	1.0	9.0	0.0	0.0	2.0	2769.19362807	500.0	2.0	10.0
0.97979796	0.81818181	0.9902746	0.88888889	0.16691021	0.3828553	0.0	9.0	0.0	2.0	0.0	2799.16424704	13.0	3.0	10.0
1.0	0.90909094	1.0	1.0	0.03928206	0.1514243	0.67082039	9.0	0.0	1.0	1.0	2835.00856042	37.0	4.0	10.0
1.0	0.90909094	1.0	1.0	0.00024565	0.12437601	0.81009259	7.0	1.0	0.0	3.0	2898.43407249	313.0	5.0	10.0
0.94949496	0.72727275	0.98819362	0.875	0.14352385	0.38899633	0.24056261	7.0	1.0	2.0	1.0	2929.38694882	15.0	6.0	10.0
0.92929292	0.54545456	0.98051948	0.41666667	0.19099774	1.00982666	-0.28867513	6.0	2.0	3.0	0.0	2961.42853308	8.0	7.0	10.0
0.97979796	0.72727275	1.0	0.91666667	0.07736259	0.28423855	0.24056261	7.0	1.0	2.0	1.0	2995.49085498	25.0	8.0	10.0
1.0	0.90909094	1.0	1.0	0.04291799	0.17157708	0.76980036	8.0	0.0	1.0	2.0	3032.42420125	28.0	9.0	10.0
