train_acc	val_acc	train_auc	val_auc	train_loss	val_loss	val_mmc	tn	fp	fn	tp	time	ep_stopped	index_fold	seed
0.64757711	0.65384614	0.82517007	0.5751634	0.58785115	0.6346819	0.0	0.0	9.0	0.0	17.0	927.70540428	500.0	0.0	1.0
0.64757711	0.65384614	0.79362245	0.64052288	0.62656261	0.63834161	0.0	0.0	9.0	0.0	17.0	1250.12169647	179.0	1.0	1.0
0.64757711	0.65384614	0.77355442	0.5620915	0.63509561	0.64554071	0.0	0.0	9.0	0.0	17.0	1429.84195304	98.0	2.0	1.0
0.64473683	0.68000001	0.83429915	0.66176471	0.59139301	0.61301029	0.0	0.0	8.0	0.0	17.0	2312.31082726	500.0	3.0	1.0
0.64912283	0.63999999	0.83412162	0.74305556	0.59384202	0.62430946	0.0	0.0	9.0	0.0	16.0	3178.22340298	500.0	4.0	1.0
0.65350878	0.63999999	0.82787162	0.56944444	0.58761277	0.64716846	0.0	0.0	9.0	0.0	16.0	4024.25716782	500.0	5.0	1.0
0.64912283	0.63999999	0.8120777	0.59027778	0.61176211	0.65137551	0.0	0.0	9.0	0.0	16.0	4500.95938683	279.0	6.0	1.0
0.64912283	0.63999999	0.84366554	0.61111111	0.58988106	0.63287121	0.0	0.0	9.0	0.0	16.0	5346.28783679	500.0	7.0	1.0
0.64912283	0.63999999	0.82652027	0.57638889	0.59046528	0.64505603	0.0	0.0	9.0	0.0	16.0	6130.64830947	466.0	8.0	1.0
0.64912283	0.63999999	0.83530405	0.65972222	0.5896166	0.63076423	0.0	0.0	9.0	0.0	16.0	6972.8046484	500.0	9.0	1.0
0.65198237	0.65384614	0.84294218	0.63398693	0.59075361	0.62783924	0.0	0.0	9.0	0.0	17.0	7804.98642159	500.0	0.0	2.0
0.64757711	0.65384614	0.7627551	0.59477124	0.63421394	0.6440119	0.0	0.0	9.0	0.0	17.0	8030.64861488	101.0	1.0	2.0
0.64757711	0.65384614	0.82636054	0.71895425	0.59264499	0.61955478	0.0	0.0	9.0	0.0	17.0	9106.87499809	500.0	2.0	2.0
0.64473683	0.68000001	0.83203158	0.69117647	0.59414453	0.59766587	0.0	0.0	8.0	0.0	17.0	10189.24089861	500.0	3.0	2.0
0.64912283	0.63999999	0.83277027	0.64583333	0.58955776	0.64081227	0.0	0.0	9.0	0.0	16.0	11264.57694149	500.0	4.0	2.0
0.64912283	0.63999999	0.75168919	0.40277778	0.63885964	0.65572451	0.0	0.0	9.0	0.0	16.0	11409.91309047	63.0	5.0	2.0
0.64912283	0.63999999	0.82702703	0.84722222	0.59431993	0.60864861	0.0	0.0	9.0	0.0	16.0	12481.00100112	500.0	6.0	2.0
0.64912283	0.63999999	0.77998311	0.64583333	0.62875459	0.64981321	0.0	0.0	9.0	0.0	16.0	12815.63619876	151.0	7.0	2.0
0.64912283	0.63999999	0.83834459	0.625	0.58849927	0.64385172	0.0	0.0	9.0	0.0	16.0	13889.02519608	500.0	8.0	2.0
0.64912283	0.63999999	0.76418919	0.44444444	0.63847053	0.65411786	0.0	0.0	9.0	0.0	16.0	14040.81963587	69.0	9.0	2.0
0.64757711	0.65384614	0.81113946	0.48366013	0.60341979	0.64429522	0.0	0.0	9.0	0.0	17.0	14793.59577727	347.0	0.0	3.0
0.64757711	0.65384614	0.84158163	0.66666667	0.59061213	0.62397514	0.0	0.0	9.0	0.0	17.0	15874.64794302	500.0	1.0	3.0
0.64757711	0.65384614	0.8337585	0.69281046	0.59188	0.63367399	0.0	0.0	9.0	0.0	17.0	16984.06083035	500.0	2.0	3.0
0.64473683	0.68000001	0.8005375	0.55147059	0.62195948	0.628219	0.0	0.0	8.0	0.0	17.0	17446.50560093	209.0	3.0	3.0
0.64912283	0.63999999	0.75481419	0.49305556	0.63620198	0.65151277	0.0	0.0	9.0	0.0	16.0	17645.99666572	87.0	4.0	3.0
0.64912283	0.63999999	0.82103041	0.72916667	0.59290401	0.62392782	0.0	0.0	9.0	0.0	16.0	18737.99777532	500.0	5.0	3.0
0.64912283	0.63999999	0.765625	0.45833333	0.63589576	0.65581856	0.0	0.0	9.0	0.0	16.0	18947.73119569	91.0	6.0	3.0
0.64912283	0.63999999	0.83521959	0.63888889	0.5888283	0.64152198	0.0	0.0	9.0	0.0	16.0	20030.21146226	500.0	7.0	3.0
0.64912283	0.63999999	0.83462838	0.75694444	0.59168517	0.61677127	0.0	0.0	9.0	0.0	16.0	21100.3270762	500.0	8.0	3.0
0.64912283	0.63999999	0.83285473	0.68055556	0.59002387	0.62992787	0.0	0.0	9.0	0.0	16.0	22186.42689443	500.0	9.0	3.0
0.64757711	0.65384614	0.76318027	0.47058824	0.6353002	0.64692413	0.0	0.0	9.0	0.0	17.0	22407.99533296	97.0	0.0	4.0
0.64757711	0.65384614	0.8327381	0.62745098	0.58984725	0.62840658	0.0	0.0	9.0	0.0	17.0	23477.67404008	500.0	1.0	4.0
0.65198237	0.65384614	0.8162415	0.56862745	0.58922713	0.6405219	0.0	0.0	9.0	0.0	17.0	24560.209656	500.0	2.0	4.0
0.64473683	0.68000001	0.84395734	0.72794118	0.59674049	0.59066783	0.0	0.0	8.0	0.0	17.0	25657.73623824	500.0	3.0	4.0
0.64912283	0.63999999	0.79222973	0.65277778	0.62638489	0.65047334	0.0	0.0	9.0	0.0	16.0	26029.36074877	167.0	4.0	4.0
0.64912283	0.63999999	0.76173986	0.45833333	0.6377741	0.65605755	0.0	0.0	9.0	0.0	16.0	26198.7907393	72.0	5.0	4.0
0.64912283	0.63999999	0.75515203	0.33333333	0.64009832	0.65918034	0.0	0.0	9.0	0.0	16.0	26338.22976184	60.0	6.0	4.0
0.64912283	0.63999999	0.83876689	0.84027778	0.59466191	0.60839476	0.0	0.0	9.0	0.0	16.0	27428.96152139	500.0	7.0	4.0
0.64912283	0.63999999	0.76689189	0.53472222	0.63520999	0.65149364	0.0	0.0	9.0	0.0	16.0	27630.96713901	88.0	8.0	4.0
0.64912283	0.63999999	0.83285473	0.86111111	0.59375765	0.60511425	0.0	0.0	9.0	0.0	16.0	28732.11643767	500.0	9.0	4.0
0.64757711	0.65384614	0.75289116	0.49019608	0.63733963	0.64858264	0.0	0.0	9.0	0.0	17.0	28924.74132299	83.0	0.0	5.0
0.65198237	0.65384614	0.83129252	0.56862745	0.58829544	0.63422952	0.0	0.0	9.0	0.0	17.0	30025.22405148	500.0	1.0	5.0
0.64757711	0.65384614	0.85357143	0.62745098	0.59177354	0.62599464	0.0	0.0	9.0	0.0	17.0	31124.75230312	500.0	2.0	5.0
0.64473683	0.68000001	0.77517427	0.61029412	0.63259521	0.62782463	0.0	0.0	8.0	0.0	17.0	31417.23481083	127.0	3.0	5.0
0.64912283	0.63999999	0.75396959	0.30555556	0.64070047	0.66070954	0.0	0.0	9.0	0.0	16.0	31552.78189468	58.0	4.0	5.0
0.64912283	0.63999999	0.81655405	0.55555556	0.60303739	0.64884855	0.0	0.0	9.0	0.0	16.0	32321.15600491	349.0	5.0	5.0
0.64912283	0.63999999	0.84138514	0.6875	0.59016347	0.62952137	0.0	0.0	9.0	0.0	16.0	33411.4546802	500.0	6.0	5.0
0.64912283	0.63999999	0.82643581	0.63888889	0.58924758	0.63529367	0.0	0.0	9.0	0.0	16.0	34511.56546521	500.0	7.0	5.0
0.64912283	0.63999999	0.83141892	0.78472222	0.59293462	0.6146041	0.0	0.0	9.0	0.0	16.0	35602.55907202	500.0	8.0	5.0
0.64912283	0.63999999	0.84594595	0.79861111	0.59205123	0.61348716	0.0	0.0	9.0	0.0	16.0	36708.77229476	500.0	9.0	5.0
0.65198237	0.65384614	0.82244898	0.5620915	0.58865702	0.63504684	0.0	0.0	9.0	0.0	17.0	37819.79565024	500.0	0.0	6.0
0.64757711	0.65384614	0.75909864	0.46405229	0.63830214	0.64881727	0.0	0.0	9.0	0.0	17.0	37989.80739379	74.0	1.0	6.0
0.64757711	0.65384614	0.83613946	0.65359477	0.58972878	0.62946928	0.0	0.0	9.0	0.0	17.0	39087.07793856	500.0	2.0	6.0
0.64473683	0.68000001	0.82304527	0.60294118	0.59189357	0.61880493	0.0	0.0	8.0	0.0	17.0	40191.59927058	500.0	3.0	6.0
0.64912283	0.63999999	0.82356419	0.6875	0.59201175	0.63435621	0.0	0.0	9.0	0.0	16.0	41285.49498773	500.0	4.0	6.0
0.64912283	0.63999999	0.84273649	0.56944444	0.60043887	0.64778636	0.0	0.0	9.0	0.0	16.0	42111.32442164	372.0	5.0	6.0
0.64912283	0.63999999	0.8245777	0.75	0.59162196	0.61762557	0.0	0.0	9.0	0.0	16.0	43216.44426942	500.0	6.0	6.0
0.64912283	0.63999999	0.81925676	0.625	0.60913322	0.64686439	0.0	0.0	9.0	0.0	16.0	43858.0596447	293.0	7.0	6.0
0.64912283	0.63999999	0.83369932	0.8125	0.59393565	0.61487443	0.0	0.0	9.0	0.0	16.0	44954.16189051	500.0	8.0	6.0
0.64912283	0.63999999	0.83842905	0.75	0.59279328	0.61682306	0.0	0.0	9.0	0.0	16.0	46064.51770306	500.0	9.0	6.0
0.65198237	0.65384614	0.81539116	0.65359477	0.5916834	0.61473136	0.0	0.0	9.0	0.0	17.0	47149.23106837	500.0	0.0	7.0
0.64757711	0.65384614	0.80272109	0.7254902	0.62756576	0.63743211	0.0	0.0	9.0	0.0	17.0	47526.77756023	166.0	1.0	7.0
0.64757711	0.65384614	0.76147959	0.46405229	0.6356588	0.64702011	0.0	0.0	9.0	0.0	17.0	47754.00294352	96.0	2.0	7.0
0.64473683	0.68000001	0.77215084	0.375	0.63517677	0.63949303	0.0	0.0	8.0	0.0	17.0	47990.57618928	103.0	3.0	7.0
0.64912283	0.63999999	0.83217905	0.56944444	0.59740905	0.64730664	0.0	0.0	9.0	0.0	16.0	48891.62604117	416.0	4.0	7.0
0.64912283	0.63999999	0.77347973	0.76388889	0.63717546	0.6474608	0.0	0.0	9.0	0.0	16.0	49099.84361506	87.0	5.0	7.0
0.64912283	0.63999999	0.82778716	0.60416667	0.58816471	0.63952051	0.0	0.0	9.0	0.0	16.0	50204.038975	500.0	6.0	7.0
0.64912283	0.63999999	0.77271959	0.52083333	0.63420479	0.65258736	0.0	0.0	9.0	0.0	16.0	50426.48639512	97.0	7.0	7.0
0.64912283	0.63999999	0.83302365	0.73611111	0.59043866	0.62086421	0.0	0.0	9.0	0.0	16.0	51530.29122281	500.0	8.0	7.0
0.65350878	0.63999999	0.82753378	0.66666667	0.59205885	0.62706212	0.0	0.0	9.0	0.0	16.0	52638.61307478	500.0	9.0	7.0
0.64757711	0.65384614	0.76573129	0.45098039	0.63586508	0.64894394	0.0	0.0	9.0	0.0	17.0	52843.78701162	89.0	0.0	8.0
0.64757711	0.65384614	0.81811224	0.83660131	0.59595468	0.59566732	0.0	0.0	9.0	0.0	17.0	53949.56571198	500.0	1.0	8.0
0.64757711	0.65384614	0.83239796	0.65359477	0.59033703	0.62422359	0.0	0.0	9.0	0.0	17.0	55046.11563134	500.0	2.0	8.0
0.64473683	0.68000001	0.83043588	0.58823529	0.5919394	0.61780588	0.0	0.0	8.0	0.0	17.0	56158.46965957	500.0	3.0	8.0
0.64912283	0.63999999	0.83023649	0.67361111	0.58873661	0.63637807	0.0	0.0	9.0	0.0	16.0	57253.82159233	500.0	4.0	8.0
0.64912283	0.63999999	0.84949324	0.63194444	0.59000825	0.63533528	0.0	0.0	9.0	0.0	16.0	58356.44063401	500.0	5.0	8.0
0.64912283	0.63999999	0.83538851	0.625	0.58963644	0.632997	0.0	0.0	9.0	0.0	16.0	59464.00089908	500.0	6.0	8.0
0.64912283	0.63999999	0.75101351	0.54861111	0.63888021	0.6553153	0.0	0.0	9.0	0.0	16.0	59629.86082816	67.0	7.0	8.0
0.64912283	0.63999999	0.75278716	0.46527778	0.63743673	0.65504966	0.0	0.0	9.0	0.0	16.0	59824.03758502	80.0	8.0	8.0
0.64912283	0.63999999	0.84679054	0.63194444	0.58808772	0.6380877	0.0	0.0	9.0	0.0	16.0	60928.92020679	500.0	9.0	8.0
0.64757711	0.65384614	0.84047619	0.67320261	0.59358652	0.62157473	0.0	0.0	9.0	0.0	17.0	62030.64408922	500.0	0.0	9.0
0.64757711	0.65384614	0.82738095	0.66666667	0.59162396	0.61751557	0.0	0.0	9.0	0.0	17.0	63132.43659854	500.0	1.0	9.0
0.64757711	0.65384614	0.82091837	0.79738562	0.59503864	0.60080584	0.0	0.0	9.0	0.0	17.0	64248.84677887	500.0	2.0	9.0
0.64473683	0.68000001	0.82716049	0.77941176	0.59458569	0.60240417	0.0	0.0	8.0	0.0	17.0	65356.19282985	500.0	3.0	9.0
0.64912283	0.63999999	0.81503378	0.56944444	0.61458967	0.65105573	0.0	0.0	9.0	0.0	16.0	65906.63827276	243.0	4.0	9.0
0.64912283	0.63999999	0.82550676	0.54861111	0.59012596	0.64784093	0.0	0.0	9.0	0.0	16.0	66963.26122761	478.0	5.0	9.0
0.64912283	0.63999999	0.75548986	0.41666667	0.63937434	0.65825958	0.0	0.0	9.0	0.0	16.0	67122.62231016	64.0	6.0	9.0
0.64912283	0.63999999	0.83640203	0.64583333	0.59188349	0.62146579	0.0	0.0	9.0	0.0	16.0	68238.45131588	500.0	7.0	9.0
0.64912283	0.63999999	0.75401182	0.59027778	0.63795853	0.65249842	0.0	0.0	9.0	0.0	16.0	68427.70706296	77.0	8.0	9.0
0.64912283	0.63999999	0.76646959	0.46527778	0.63788423	0.65459639	0.0	0.0	9.0	0.0	16.0	68611.67823958	77.0	9.0	9.0
0.64757711	0.65384614	0.82363946	0.64705882	0.59397103	0.6232945	0.0	0.0	9.0	0.0	17.0	69713.23426509	500.0	0.0	10.0
0.64757711	0.65384614	0.83588435	0.7124183	0.59315428	0.61633943	0.0	0.0	9.0	0.0	17.0	70817.71585536	500.0	1.0	10.0
0.64757711	0.65384614	0.76930272	0.46405229	0.63671882	0.64770916	0.0	0.0	9.0	0.0	17.0	71028.62094164	86.0	2.0	10.0
0.64473683	0.68000001	0.77760981	0.52205882	0.63618431	0.63255513	0.0	0.0	8.0	0.0	17.0	71271.4192338	104.0	3.0	10.0
0.64912283	0.63999999	0.82913851	0.74305556	0.59240413	0.61403714	0.0	0.0	9.0	0.0	16.0	72374.42114925	500.0	4.0	10.0
0.64912283	0.63999999	0.83640203	0.59722222	0.58856097	0.64012563	0.0	0.0	9.0	0.0	16.0	73480.6423471	500.0	5.0	10.0
0.64912283	0.63999999	0.8316723	0.72916667	0.5895971	0.61958595	0.0	0.0	9.0	0.0	16.0	74588.52622676	500.0	6.0	10.0
0.64912283	0.63999999	0.81722973	0.75694444	0.59149112	0.62462321	0.0	0.0	9.0	0.0	16.0	75685.77116799	500.0	7.0	10.0
0.64912283	0.63999999	0.76570946	0.43055556	0.63837821	0.65664744	0.0	0.0	9.0	0.0	16.0	75851.85710883	68.0	8.0	10.0
0.64912283	0.63999999	0.84366554	0.79166667	0.59349331	0.62080583	0.0	0.0	9.0	0.0	16.0	76952.61030793	500.0	9.0	10.0
