train_acc	val_acc	train_auc	val_auc	train_loss	val_loss	val_mmc	tn	fp	fn	tp	time	ep_stopped	index_fold	seed
1.0	0.69999999	1.0	0.84	0.14038245	0.51396525	0.5	2.0	3.0	0.0	5.0	45.52326941	330.0	0.0	1.0
0.63953489	0.40000001	0.79495614	0.44	0.58765244	0.82280463	-0.21821789	1.0	4.0	2.0	3.0	70.05175304	12.0	1.0	1.0
0.87209302	0.80000001	0.92105263	0.8	0.41347991	0.52590549	0.6	4.0	1.0	1.0	4.0	86.26572275	60.0	2.0	1.0
0.74418604	0.5	0.82160393	0.66666667	0.57995123	0.63446403	0.0	2.0	2.0	3.0	3.0	105.12786078	16.0	3.0	1.0
0.82558137	0.80000001	0.90834697	0.83333333	0.43169188	0.50583404	0.58333333	3.0	1.0	1.0	5.0	121.09667158	56.0	4.0	1.0
0.96511626	0.80000001	0.99127114	0.79166667	0.21846626	0.52446264	0.66666667	4.0	0.0	2.0	4.0	137.76817441	180.0	5.0	1.0
0.7241379	0.55555558	0.81784188	0.5	0.57670634	0.79001439	0.1	2.0	2.0	2.0	3.0	155.68906736	13.0	6.0	1.0
0.82758623	0.55555558	0.89903846	0.55	0.44071065	0.71049541	0.15811388	3.0	1.0	3.0	2.0	173.84482718	42.0	7.0	1.0
0.75862068	0.22222222	0.84027778	0.3	0.51926449	0.84062839	-0.5976143	2.0	2.0	5.0	0.0	190.04256725	23.0	8.0	1.0
0.85057473	0.66666669	0.92361111	0.85	0.41118535	0.59599042	0.47809144	4.0	0.0	3.0	2.0	208.25052214	59.0	9.0	1.0
1.0	0.80000001	1.0	0.76	0.14565088	0.50557107	0.65465367	5.0	0.0	2.0	3.0	228.46022105	318.0	0.0	2.0
0.83720928	0.80000001	0.91557018	0.88	0.42910136	0.58796728	0.65465367	3.0	2.0	0.0	5.0	245.78483105	60.0	1.0	2.0
0.87209302	0.69999999	0.94133772	0.8	0.41448362	0.5594855	0.40824829	3.0	2.0	1.0	4.0	262.70437312	49.0	2.0	2.0
0.76744187	0.60000002	0.8619749	0.70833333	0.51920968	0.59985107	0.25	3.0	1.0	3.0	3.0	279.55590963	21.0	3.0	2.0
0.76744187	0.60000002	0.84397163	0.66666667	0.52659288	0.72023964	0.16666667	2.0	2.0	2.0	4.0	295.77443361	16.0	4.0	2.0
0.70930231	0.60000002	0.80250955	0.625	0.57843752	0.69732559	0.25	3.0	1.0	3.0	3.0	313.37010336	16.0	5.0	2.0
0.68965518	0.77777779	0.79220085	0.6	0.58175605	0.70222586	0.5976143	2.0	2.0	0.0	5.0	331.42054534	13.0	6.0	2.0
0.62068963	0.11111111	0.74626068	0.25	0.6310352	0.90583938	-0.79056942	1.0	3.0	5.0	0.0	349.82616687	8.0	7.0	2.0
0.79310346	0.55555558	0.86752137	0.55	0.50385794	0.69525903	0.1	2.0	2.0	2.0	3.0	365.96082735	27.0	8.0	2.0
0.82758623	0.66666669	0.89155983	0.75	0.46727531	0.5819813	0.31622777	2.0	2.0	1.0	4.0	383.82195139	41.0	9.0	2.0
0.81395346	0.80000001	0.90076754	0.88	0.45852184	0.42734995	0.6	4.0	1.0	1.0	4.0	401.29412484	47.0	0.0	3.0
0.75581396	0.69999999	0.85964912	0.48	0.52974615	0.75064433	0.5	2.0	3.0	0.0	5.0	418.93887043	18.0	1.0	3.0
0.66279072	0.30000001	0.76370614	0.32	0.62860289	0.77926719	-0.40824829	2.0	3.0	4.0	1.0	435.98976231	8.0	2.0	3.0
0.91860467	0.89999998	0.96181124	0.875	0.3314311	0.42137274	0.81649658	4.0	0.0	1.0	5.0	458.55956697	112.0	3.0	3.0
0.73255813	0.60000002	0.80141844	0.66666667	0.60796985	0.64418691	0.16666667	2.0	2.0	2.0	4.0	474.34568214	9.0	4.0	3.0
0.94186044	0.60000002	0.96781233	0.875	0.30131913	0.50481915	0.25	3.0	1.0	3.0	3.0	494.30752087	114.0	5.0	3.0
0.93103451	0.77777779	0.98183761	0.95	0.30065715	0.37623194	0.63245553	4.0	0.0	2.0	3.0	515.82330537	120.0	6.0	3.0
0.79310346	0.55555558	0.83707265	0.35	0.54902972	0.73943233	0.05976143	1.0	3.0	1.0	4.0	534.83956218	20.0	7.0	3.0
0.80459768	0.44444445	0.91292735	0.6	0.43852144	0.68585974	-0.15811388	1.0	3.0	2.0	3.0	554.19570684	52.0	8.0	3.0
0.79310346	0.55555558	0.86057692	0.5	0.54497991	0.68820924	0.1	2.0	2.0	2.0	3.0	573.21212029	15.0	9.0	3.0
0.8488372	0.60000002	0.90076754	0.52	0.47257956	0.67526233	0.21821789	2.0	3.0	1.0	4.0	593.81337023	32.0	0.0	4.0
0.80232561	0.69999999	0.87719298	0.84	0.49847785	0.55928731	0.40824829	3.0	2.0	1.0	4.0	611.44102788	28.0	1.0	4.0
0.69767439	0.60000002	0.74835526	0.6	0.62758342	0.69400185	0.21821789	4.0	1.0	3.0	2.0	628.29361272	14.0	2.0	4.0
0.8488372	0.5	0.90998363	0.75	0.43596148	0.52617991	-0.08908708	1.0	3.0	2.0	4.0	647.40874815	52.0	3.0	4.0
0.62790698	0.69999999	0.73595199	0.66666667	0.62151809	0.69489622	0.53452248	4.0	0.0	3.0	3.0	665.41853786	8.0	4.0	4.0
1.0	0.80000001	1.0	0.875	0.08090328	0.4340589	0.58333333	3.0	1.0	1.0	5.0	695.75095916	426.0	5.0	4.0
0.87356323	0.77777779	0.94871795	0.8	0.37330322	0.53744608	0.55	3.0	1.0	1.0	4.0	715.3950572	64.0	6.0	4.0
0.73563218	0.55555558	0.84615385	0.6	0.52433863	0.65388733	0.1	2.0	2.0	2.0	3.0	736.59243464	26.0	7.0	4.0
0.62068963	0.44444445	0.74145299	0.35	0.62385016	0.75216824	-0.05976143	3.0	1.0	4.0	1.0	755.14587784	8.0	8.0	4.0
0.75862068	0.8888889	0.83226496	0.85	0.56529651	0.50761378	0.8	4.0	0.0	1.0	4.0	775.37661648	16.0	9.0	4.0
0.76744187	0.60000002	0.85855263	0.72	0.5213885	0.70716172	0.2	3.0	2.0	2.0	3.0	794.56071401	24.0	0.0	5.0
0.8488372	0.69999999	0.9314693	0.76	0.40727531	0.57516044	0.40824829	3.0	2.0	1.0	4.0	814.47715807	54.0	1.0	5.0
0.87209302	0.80000001	0.9435307	0.76	0.38187848	0.5531745	0.65465367	5.0	0.0	2.0	3.0	835.6230433	82.0	2.0	5.0
0.8488372	0.69999999	0.88870704	0.79166667	0.46980545	0.59701955	0.40824829	3.0	1.0	2.0	4.0	855.19258881	30.0	3.0	5.0
0.63953489	0.5	0.73486088	0.33333333	0.64443174	0.76619685	0.0	2.0	2.0	3.0	3.0	877.47906184	6.0	4.0	5.0
0.87209302	0.60000002	0.93998909	0.83333333	0.37680494	0.46119469	0.16666667	2.0	2.0	2.0	4.0	899.2482965	80.0	5.0	5.0
0.71264368	0.55555558	0.78365385	0.5	0.59998145	0.74383688	0.1	2.0	2.0	2.0	3.0	920.86328077	8.0	6.0	5.0
1.0	1.0	1.0	1.0	0.08007494	0.24537846	1.0	4.0	0.0	0.0	5.0	952.07270503	500.0	7.0	5.0
0.67816091	0.66666669	0.80929487	0.85	0.5725693	0.58362496	0.39528471	1.0	3.0	0.0	5.0	973.16711736	14.0	8.0	5.0
0.79310346	0.77777779	0.88354701	0.8	0.47299024	0.54769868	0.55	3.0	1.0	1.0	4.0	992.57493186	43.0	9.0	5.0
1.0	0.80000001	1.0	1.0	0.07309073	0.33665976	0.65465367	3.0	2.0	0.0	5.0	1026.62975025	500.0	0.0	6.0
0.79069769	0.69999999	0.90076754	0.84	0.47171423	0.54637176	0.40824829	4.0	1.0	2.0	3.0	1046.65641809	34.0	1.0	6.0
0.77906978	0.5	0.85635965	0.6	0.55623202	0.69687545	0.0	1.0	4.0	1.0	4.0	1067.86225939	12.0	2.0	6.0
0.91860467	0.80000001	0.98854337	0.875	0.26359366	0.46105209	0.66666667	4.0	0.0	2.0	4.0	1093.15878654	146.0	3.0	6.0
0.67441863	0.5	0.79978178	0.54166667	0.58197197	0.70972157	-0.08908708	1.0	3.0	2.0	4.0	1114.09968686	10.0	4.0	6.0
0.75581396	0.5	0.86470267	0.625	0.54110869	0.69434786	0.0	2.0	2.0	3.0	3.0	1136.52039099	17.0	5.0	6.0
0.9770115	0.77777779	0.99946581	0.8	0.18896168	0.63330734	0.63245553	4.0	0.0	2.0	3.0	1161.8539722	251.0	6.0	6.0
0.73563218	0.44444445	0.8215812	0.35	0.5654481	0.77520233	-0.15811388	1.0	3.0	2.0	3.0	1181.99243379	11.0	7.0	6.0
0.98850572	0.77777779	1.0	0.7	0.17136131	0.60288477	0.5976143	2.0	2.0	0.0	5.0	1210.46796036	261.0	8.0	6.0
0.94252872	0.77777779	0.98717949	1.0	0.27455749	0.52256918	0.63245553	4.0	0.0	2.0	3.0	1236.75513911	140.0	9.0	6.0
0.86046511	0.60000002	0.93530702	0.76	0.388708	0.58155966	0.21821789	4.0	1.0	3.0	2.0	1261.79374909	59.0	0.0	7.0
0.79069769	0.5	0.89473684	0.68	0.47614607	0.67822558	0.0	3.0	2.0	3.0	2.0	1282.21810436	36.0	1.0	7.0
0.83720928	0.60000002	0.88651316	0.76	0.48968541	0.614474	0.21821789	2.0	3.0	1.0	4.0	1304.24999785	36.0	2.0	7.0
0.67441863	0.30000001	0.74959083	0.41666667	0.6265744	0.74435008	-0.53452248	0.0	4.0	3.0	3.0	1325.69494557	8.0	3.0	7.0
0.76744187	0.69999999	0.84724495	0.625	0.53444631	0.67022574	0.35634832	2.0	2.0	1.0	5.0	1349.19757175	16.0	4.0	7.0
0.90697676	0.69999999	0.95144572	0.79166667	0.36934896	0.54092741	0.53452248	4.0	0.0	3.0	3.0	1371.54160643	67.0	5.0	7.0
1.0	0.8888889	1.0	1.0	0.08761939	0.28917184	0.79056942	3.0	1.0	0.0	5.0	1407.74873304	500.0	6.0	7.0
0.83908045	0.66666669	0.90491453	0.9	0.45415766	0.5687989	0.31622777	2.0	2.0	1.0	4.0	1429.70846939	48.0	7.0	7.0
0.71264368	0.66666669	0.81944444	0.8	0.58228988	0.60228705	0.31622777	2.0	2.0	1.0	4.0	1454.09533548	10.0	8.0	7.0
0.77011496	0.55555558	0.87980769	0.7	0.50263758	0.6113323	0.05976143	1.0	3.0	1.0	4.0	1477.50022125	29.0	9.0	7.0
0.68604654	0.5	0.83333333	0.6	0.58890904	0.69521558	0.0	1.0	4.0	1.0	4.0	1501.16338754	6.0	0.0	8.0
0.88372093	0.89999998	0.9495614	0.96	0.35902319	0.3891862	0.81649658	5.0	0.0	1.0	4.0	1527.01617432	86.0	1.0	8.0
0.76744187	0.40000001	0.84649123	0.48	0.55572792	0.75132596	-0.21821789	3.0	2.0	4.0	1.0	1551.76496005	16.0	2.0	8.0
0.91860467	0.69999999	0.98254228	0.75	0.26471789	0.64609975	0.40824829	3.0	1.0	2.0	4.0	1580.36511898	178.0	3.0	8.0
0.77906978	0.5	0.81778505	0.66666667	0.54488647	0.63615131	0.0	2.0	2.0	3.0	3.0	1603.01154613	15.0	4.0	8.0
0.79069769	0.40000001	0.86142935	0.375	0.50940049	0.72277772	-0.10206207	3.0	1.0	5.0	1.0	1625.97342014	15.0	5.0	8.0
0.83908045	0.77777779	0.89690171	0.8	0.4548909	0.54740149	0.5976143	2.0	2.0	0.0	5.0	1650.12291312	36.0	6.0	8.0
1.0	1.0	1.0	1.0	0.07538399	0.32754204	1.0	4.0	0.0	0.0	5.0	1690.32313943	500.0	7.0	8.0
1.0	0.77777779	1.0	1.0	0.07010763	0.28631783	0.63245553	4.0	0.0	2.0	3.0	1732.63973665	500.0	8.0	8.0
0.7011494	0.66666669	0.84455128	0.75	0.55860505	0.63450187	0.35	3.0	1.0	2.0	3.0	1756.89273429	7.0	9.0	8.0
0.75581396	0.69999999	0.83497807	0.76	0.54510359	0.58366978	0.40824829	3.0	2.0	1.0	4.0	1780.87536788	25.0	0.0	9.0
0.88372093	0.5	0.94133772	0.72	0.36714143	0.60217506	0.0	2.0	3.0	2.0	3.0	1807.47818518	82.0	1.0	9.0
1.0	0.69999999	1.0	0.88	0.14995369	0.46085009	0.40824829	3.0	2.0	1.0	4.0	1845.21145797	353.0	2.0	9.0
0.90697676	0.80000001	0.98090562	0.75	0.27797764	0.57131302	0.66666667	4.0	0.0	2.0	4.0	1872.63764572	158.0	3.0	9.0
0.70930231	0.30000001	0.83306056	0.29166667	0.59348124	0.81824905	-0.40824829	1.0	3.0	4.0	2.0	1900.97471809	8.0	4.0	9.0
1.0	0.80000001	1.0	0.95833333	0.08331763	0.2937066	0.58333333	3.0	1.0	1.0	5.0	1939.16776705	500.0	5.0	9.0
0.77011496	0.66666669	0.85630342	0.65	0.53109916	0.62795663	0.31622777	2.0	2.0	1.0	4.0	1963.96776748	25.0	6.0	9.0
0.67816091	0.44444445	0.76869658	0.3	0.60548192	0.835814	-0.15811388	1.0	3.0	2.0	3.0	1988.66090512	8.0	7.0	9.0
0.64367819	0.66666669	0.76602564	0.55	0.6063301	0.68213433	0.31622777	2.0	2.0	1.0	4.0	2013.0380795	10.0	8.0	9.0
0.7241379	0.66666669	0.83653846	0.55	0.53366947	0.6952042	0.31622777	2.0	2.0	1.0	4.0	2037.74145555	21.0	9.0	9.0
0.6511628	0.30000001	0.77960526	0.32	0.60511005	0.80125952	-0.5	0.0	5.0	2.0	3.0	2062.27590251	6.0	0.0	10.0
0.62790698	0.5	0.7066886	0.24	0.65417502	0.8170191	0.0	2.0	3.0	2.0	3.0	2086.50043702	7.0	1.0	10.0
0.81395346	0.89999998	0.90734649	0.8	0.44481582	0.59890079	0.81649658	5.0	0.0	1.0	4.0	2112.40596008	43.0	2.0	10.0
0.72093022	0.69999999	0.83851609	0.70833333	0.53880028	0.58994776	0.35634832	2.0	2.0	1.0	5.0	2137.23971772	18.0	3.0	10.0
0.98837209	1.0	0.99454446	1.0	0.21302183	0.31339157	1.0	4.0	0.0	0.0	6.0	2170.04719448	193.0	4.0	10.0
0.93023258	0.80000001	0.9634479	0.875	0.32825193	0.44739652	0.58333333	3.0	1.0	1.0	5.0	2197.61369324	98.0	5.0	10.0
0.75862068	0.55555558	0.82905983	0.6	0.55103684	0.67149949	0.1	2.0	2.0	2.0	3.0	2225.77722001	17.0	6.0	10.0
0.98850572	0.77777779	0.99519231	0.8	0.23909773	0.52086091	0.55	3.0	1.0	1.0	4.0	2262.66737962	180.0	7.0	10.0
0.87356323	0.77777779	0.9508547	0.8	0.35184018	0.54482627	0.63245553	4.0	0.0	2.0	3.0	2293.39122844	81.0	8.0	10.0
0.74712646	0.66666669	0.80876068	0.6	0.58729326	0.66768223	0.35	3.0	1.0	2.0	3.0	2319.06340194	10.0	9.0	10.0
