train_acc	val_acc	train_auc	val_auc	train_loss	val_loss	val_mmc	tn	fp	fn	tp	time	ep_stopped	index_fold	seed
0.70044053	0.65384614	0.71836735	0.45751634	0.59336042	0.71479138	0.13789005	2.0	7.0	2.0	15.0	119.8289094	9.0	0.0	1.0
0.64757711	0.61538464	0.68001701	0.51633987	0.61397762	0.70430138	-0.00973262	1.0	8.0	2.0	15.0	148.89712429	9.0	1.0	1.0
0.73568285	0.69230771	0.79710884	0.68627451	0.54808484	0.59663835	0.24331548	2.0	7.0	1.0	16.0	178.9060452	25.0	2.0	1.0
0.7149123	0.60000002	0.76719577	0.65441176	0.57202542	0.63146153	-0.20228869	0.0	8.0	2.0	15.0	211.93362665	20.0	3.0	1.0
0.84649122	0.75999999	0.93564189	0.73611111	0.42014831	0.5782285	0.45833333	4.0	5.0	1.0	15.0	245.63384438	58.0	4.0	1.0
0.64912283	0.60000002	0.70616554	0.71527778	0.60311178	0.60995362	-0.15309311	0.0	9.0	1.0	15.0	283.78543496	9.0	5.0	1.0
0.66666669	0.60000002	0.72516892	0.43055556	0.59291694	0.67058643	-0.02051525	1.0	8.0	2.0	14.0	323.11302328	14.0	6.0	1.0
0.7368421	0.60000002	0.81798986	0.65972222	0.53996069	0.62141632	-0.02051525	1.0	8.0	2.0	14.0	370.36876416	25.0	7.0	1.0
0.78070176	0.72000003	0.89864865	0.625	0.44717976	0.65327797	0.37872604	5.0	4.0	3.0	13.0	404.77464294	60.0	8.0	1.0
0.67982459	0.68000001	0.72010135	0.55555556	0.59786175	0.66717044	0.23592536	2.0	7.0	1.0	15.0	440.28875089	13.0	9.0	1.0
0.70044053	0.73076922	0.78528912	0.77777778	0.56419531	0.5476207	0.39674602	2.0	7.0	0.0	17.0	480.52183747	22.0	0.0	2.0
0.75330395	0.69230771	0.84387755	0.66666667	0.5090385	0.61970671	0.26035959	3.0	6.0	2.0	15.0	511.75548601	36.0	1.0	2.0
0.76211452	0.61538464	0.85663265	0.7254902	0.49624409	0.57052784	0.05522779	2.0	7.0	3.0	14.0	544.46010017	56.0	2.0	2.0
0.7719298	0.63999999	0.86016629	0.66176471	0.49825529	0.60980381	0.14514393	3.0	5.0	4.0	13.0	581.55448937	43.0	3.0	2.0
0.86842108	0.68000001	0.95160473	0.73611111	0.36759916	0.62238146	0.25	3.0	6.0	2.0	14.0	625.00796556	157.0	4.0	2.0
0.67543858	0.63999999	0.67749155	0.41666667	0.6104027	0.72271514	0.0	0.0	9.0	0.0	16.0	666.00067616	9.0	5.0	2.0
0.79385966	0.68000001	0.88826014	0.70833333	0.462239	0.58907505	0.25	3.0	6.0	2.0	14.0	708.6049304	68.0	6.0	2.0
0.65350878	0.63999999	0.69670608	0.57638889	0.60998846	0.66079887	0.08600781	1.0	8.0	1.0	15.0	745.07356668	13.0	7.0	2.0
0.67105263	0.56	0.68606419	0.53125	0.60961208	0.70427903	-0.10001653	1.0	8.0	3.0	13.0	774.47481298	9.0	8.0	2.0
0.64035088	0.63999999	0.69087838	0.63194444	0.61436624	0.64119544	0.08600781	1.0	8.0	1.0	15.0	818.4128511	8.0	9.0	2.0
0.66079295	0.76923078	0.73732993	0.62745098	0.58500449	0.60240959	0.49636359	3.0	6.0	0.0	17.0	847.25881052	16.0	0.0	3.0
0.75330395	0.69230771	0.81734694	0.52941176	0.53230722	0.69010743	0.24331548	2.0	7.0	1.0	16.0	883.33159399	27.0	1.0	3.0
0.93392068	0.65384614	0.97789116	0.60130719	0.29675243	0.61934532	0.13789005	2.0	7.0	2.0	15.0	926.77100301	238.0	2.0	3.0
0.80263156	0.72000003	0.89342404	0.625	0.46189729	0.63742551	0.27443022	2.0	6.0	1.0	16.0	960.53026414	80.0	3.0	3.0
0.67543858	0.63999999	0.71157095	0.36111111	0.59991436	0.75041962	0.08600781	1.0	8.0	1.0	15.0	992.75213599	9.0	4.0	3.0
0.84649122	0.63999999	0.93581081	0.70138889	0.38355088	0.61621502	0.12729377	2.0	7.0	2.0	14.0	1033.3338747	134.0	5.0	3.0
0.68421054	0.63999999	0.75160473	0.67361111	0.57774368	0.64381128	0.12729377	2.0	7.0	2.0	14.0	1078.23565269	14.0	6.0	3.0
0.70614034	0.63999999	0.7504223	0.52777778	0.57247549	0.69146319	0.08600781	1.0	8.0	1.0	15.0	1119.04358983	19.0	7.0	3.0
0.71052629	0.51999998	0.75101351	0.5625	0.57161968	0.66106581	-0.27695585	0.0	9.0	3.0	13.0	1151.14982557	15.0	8.0	3.0
0.68859649	0.63999999	0.70777027	0.66666667	0.59686589	0.6259097	0.08600781	1.0	8.0	1.0	15.0	1186.72723103	12.0	9.0	3.0
0.66519827	0.65384614	0.6952381	0.44444444	0.60671914	0.71659537	0.09335201	1.0	8.0	1.0	16.0	1223.42251277	7.0	0.0	4.0
0.73127753	0.73076922	0.74566327	0.64705882	0.57605746	0.59049683	0.39674602	2.0	7.0	0.0	17.0	1256.23180008	16.0	1.0	4.0
0.67400879	0.69230771	0.6869898	0.55555556	0.61711515	0.64912632	0.27487371	1.0	8.0	0.0	17.0	1288.52300262	9.0	2.0	4.0
0.68859649	0.51999998	0.70563534	0.59558824	0.60350016	0.62191303	-0.29939248	0.0	8.0	4.0	13.0	1335.05899501	8.0	3.0	4.0
0.76754385	0.60000002	0.86503378	0.64583333	0.49692114	0.65577436	0.04166667	2.0	7.0	3.0	13.0	1383.04951406	36.0	4.0	4.0
0.64035088	0.60000002	0.66545608	0.30555556	0.61953414	0.75047786	-0.02051525	1.0	8.0	2.0	14.0	1415.31685686	6.0	5.0	4.0
0.67105263	0.60000002	0.68690878	0.32638889	0.60701543	0.75362786	-0.15309311	0.0	9.0	1.0	15.0	1450.8102746	6.0	6.0	4.0
0.90350878	0.72000003	0.96545608	0.77777778	0.34392315	0.53390942	0.37872604	5.0	4.0	3.0	13.0	1490.47862744	124.0	7.0	4.0
0.68421054	0.47999999	0.7433277	0.42361111	0.58877349	0.73198054	-0.32732684	0.0	9.0	4.0	12.0	1531.62886906	9.0	8.0	4.0
0.84210527	0.72000003	0.91511824	0.79861111	0.43411765	0.53753563	0.39317855	2.0	7.0	0.0	16.0	1578.83848619	79.0	9.0	4.0
0.66960353	0.61538464	0.71190476	0.36601307	0.59841989	0.73824031	-0.00973262	1.0	8.0	2.0	15.0	1625.699687	7.0	0.0	5.0
0.70925111	0.65384614	0.77942177	0.60784314	0.55833392	0.62156146	0.13789005	2.0	7.0	2.0	15.0	1658.84752226	26.0	1.0	5.0
0.70925111	0.65384614	0.80110544	0.58823529	0.54956362	0.64570947	0.09335201	1.0	8.0	1.0	16.0	1696.20672584	19.0	2.0	5.0
0.92543858	0.75999999	0.98513479	0.68382353	0.29160848	0.59550753	0.42986348	2.0	6.0	0.0	17.0	1743.10583162	241.0	3.0	5.0
0.67982459	0.63999999	0.67702703	0.48611111	0.61713287	0.72768174	0.08600781	1.0	8.0	1.0	15.0	1783.0558567	9.0	4.0	5.0
0.66228068	0.56	0.68006757	0.54861111	0.61362515	0.68699155	-0.22116293	0.0	9.0	2.0	14.0	1828.11453366	9.0	5.0	5.0
0.67105263	0.60000002	0.67939189	0.50694444	0.61657074	0.672285	-0.15309311	0.0	9.0	1.0	15.0	1868.22997999	8.0	6.0	5.0
0.70175439	0.56	0.78631757	0.47916667	0.55619182	0.70369847	-0.03121953	2.0	7.0	4.0	12.0	1902.0782609	19.0	7.0	5.0
0.85087717	0.72000003	0.93420608	0.73611111	0.39515583	0.58980312	0.35460407	3.0	6.0	1.0	15.0	1953.27412176	134.0	8.0	5.0
0.80263156	0.60000002	0.89535473	0.70833333	0.46468549	0.62009248	-0.15309311	0.0	9.0	1.0	15.0	1992.27150536	54.0	9.0	5.0
0.68722469	0.76923078	0.7047619	0.61437908	0.59778185	0.62302103	0.49636359	3.0	6.0	0.0	17.0	2038.0181396	15.0	0.0	6.0
0.67400879	0.57692307	0.68886054	0.48366013	0.61061263	0.69719222	-0.08618128	1.0	8.0	3.0	14.0	2075.40087318	9.0	1.0	6.0
0.78854626	0.57692307	0.88852041	0.62745098	0.46917665	0.62581397	-0.08618128	1.0	8.0	3.0	14.0	2118.80195069	78.0	2.0	6.0
0.64035088	0.60000002	0.63634837	0.43382353	0.63851276	0.72042374	-0.20228869	0.0	8.0	2.0	15.0	2154.3583293	8.0	3.0	6.0
0.65350878	0.60000002	0.70287162	0.43055556	0.60979176	0.72569133	-0.15309311	0.0	9.0	1.0	15.0	2194.25160384	12.0	4.0	6.0
0.67543858	0.56	0.71131757	0.625	0.6001502	0.65436159	-0.22116293	0.0	9.0	2.0	14.0	2234.52084446	8.0	5.0	6.0
0.75877196	0.68000001	0.85337838	0.63888889	0.50605372	0.64494997	0.23592536	2.0	7.0	1.0	15.0	2272.30759215	41.0	6.0	6.0
0.69736844	0.56	0.74366554	0.56944444	0.57849527	0.67599866	-0.22116293	0.0	9.0	2.0	14.0	2314.22387719	19.0	7.0	6.0
0.68421054	0.72000003	0.72238176	0.74305556	0.59023075	0.57725226	0.39317855	2.0	7.0	0.0	16.0	2351.37966633	15.0	8.0	6.0
0.71052629	0.68000001	0.78716216	0.73611111	0.554314	0.59053568	0.27468517	4.0	5.0	3.0	13.0	2391.4898479	24.0	9.0	6.0
0.70925111	0.61538464	0.73579932	0.55555556	0.58697257	0.64235133	-0.00973262	1.0	8.0	2.0	15.0	2428.03290582	13.0	0.0	7.0
0.64757711	0.65384614	0.65314626	0.52287582	0.62568887	0.69466368	0.0	0.0	9.0	0.0	17.0	2467.91646957	6.0	1.0	7.0
0.67841411	0.57692307	0.71947279	0.58169935	0.59164646	0.6475352	-0.08618128	1.0	8.0	3.0	14.0	2510.01150298	9.0	2.0	7.0
0.64912283	0.60000002	0.68577307	0.58088235	0.61571665	0.62360524	-0.0654921	1.0	7.0	3.0	14.0	2549.91831684	8.0	3.0	7.0
0.66228068	0.44	0.6754223	0.33333333	0.61600348	0.75682667	-0.28210909	1.0	8.0	6.0	10.0	2590.55552053	8.0	4.0	7.0
0.7719298	0.68000001	0.83944257	0.61111111	0.52112745	0.65664741	0.25	3.0	6.0	2.0	14.0	2626.28749299	23.0	5.0	7.0
0.66666669	0.63999999	0.7058277	0.56944444	0.60514242	0.63858241	0.0	0.0	9.0	0.0	16.0	2662.11512136	9.0	6.0	7.0
0.69736844	0.75999999	0.76190878	0.73611111	0.57149422	0.57181175	0.49236596	3.0	6.0	0.0	16.0	2699.66483426	22.0	7.0	7.0
0.76754385	0.56	0.85633446	0.57638889	0.50075012	0.66231817	0.02143732	3.0	6.0	5.0	11.0	2742.47666717	37.0	8.0	7.0
0.7631579	0.60000002	0.83606419	0.63194444	0.51940256	0.70988208	-0.02051525	1.0	8.0	2.0	14.0	2782.35376835	30.0	9.0	7.0
0.77533042	0.5	0.8375	0.49673203	0.51661623	0.67100392	-0.20664347	1.0	8.0	5.0	12.0	2820.71884441	32.0	0.0	8.0
0.72687227	0.73076922	0.80127551	0.77777778	0.54806529	0.55491754	0.39674602	2.0	7.0	0.0	17.0	2868.38586569	29.0	1.0	8.0
0.70484579	0.65384614	0.73545918	0.52287582	0.59206645	0.67199388	0.13789005	2.0	7.0	2.0	15.0	2905.74649549	9.0	2.0	8.0
0.72368419	0.60000002	0.78281683	0.41911765	0.5566587	0.69502011	-0.20228869	0.0	8.0	2.0	15.0	2943.39912891	24.0	3.0	8.0
0.7368421	0.56	0.79805743	0.46527778	0.54474428	0.69886595	-0.22116293	0.0	9.0	2.0	14.0	2981.85984683	30.0	4.0	8.0
0.69736844	0.63999999	0.74543919	0.72222222	0.58813977	0.58190776	0.08600781	1.0	8.0	1.0	15.0	3029.03321123	15.0	5.0	8.0
0.67105263	0.47999999	0.70405405	0.44444444	0.60195962	0.70809443	-0.32732684	0.0	9.0	4.0	12.0	3069.2331748	9.0	6.0	8.0
0.66228068	0.68000001	0.66984797	0.64583333	0.6159769	0.60500724	0.27216553	1.0	8.0	0.0	16.0	3108.23321056	11.0	7.0	8.0
0.70175439	0.63999999	0.69915541	0.39583333	0.60430654	0.75079102	0.08600781	1.0	8.0	1.0	15.0	3148.97465873	8.0	8.0	8.0
0.69298244	0.63999999	0.77077703	0.4375	0.57217736	0.72352729	0.08600781	1.0	8.0	1.0	15.0	3186.40650868	9.0	9.0	8.0
0.70044053	0.61538464	0.70892857	0.54901961	0.60211707	0.65348969	0.05522779	2.0	7.0	3.0	14.0	3225.19542646	16.0	0.0	9.0
0.75330395	0.61538464	0.82738095	0.41830065	0.52559579	0.72455593	-0.14552138	0.0	9.0	1.0	16.0	3264.43538165	29.0	1.0	9.0
0.75330395	0.69230771	0.83477891	0.69934641	0.51517649	0.57139182	0.24331548	2.0	7.0	1.0	16.0	3303.18358088	26.0	2.0	9.0
0.65350878	0.63999999	0.68959436	0.5	0.61410825	0.68465364	0.01055501	1.0	7.0	2.0	15.0	3347.11323071	7.0	3.0	9.0
0.69298244	0.68000001	0.74239865	0.58333333	0.58416719	0.66102329	0.27216553	1.0	8.0	0.0	16.0	3386.63687134	15.0	4.0	9.0
0.65789473	0.60000002	0.68454392	0.4375	0.60940873	0.72141618	0.08908708	3.0	6.0	4.0	12.0	3424.169312	9.0	5.0	9.0
0.64473683	0.68000001	0.67339527	0.57638889	0.61877181	0.66080018	0.27216553	1.0	8.0	0.0	16.0	3466.04354525	9.0	6.0	9.0
0.66666669	0.60000002	0.73125	0.66666667	0.59927798	0.61471684	-0.15309311	0.0	9.0	1.0	15.0	3504.63153243	15.0	7.0	9.0
0.85526317	0.56	0.92584459	0.57638889	0.41213738	0.70115787	-0.22116293	0.0	9.0	2.0	14.0	3548.75132275	81.0	8.0	9.0
0.65789473	0.63999999	0.70219595	0.40972222	0.60343629	0.75791268	0.08600781	1.0	8.0	1.0	15.0	3588.18096042	7.0	9.0	9.0
0.66079295	0.57692307	0.68613946	0.62091503	0.61648699	0.66141326	-0.21004201	0.0	9.0	2.0	15.0	3636.2079947	8.0	0.0	10.0
0.70484579	0.69230771	0.78720238	0.51633987	0.55382176	0.67257671	0.24331548	2.0	7.0	1.0	16.0	3677.63843012	16.0	1.0	10.0
0.66519827	0.61538464	0.68052721	0.49019608	0.61764483	0.70529079	-0.14552138	0.0	9.0	1.0	16.0	3714.27523065	8.0	2.0	10.0
0.65350878	0.72000003	0.68665491	0.66911765	0.61925682	0.59223466	0.27443022	2.0	6.0	1.0	16.0	3756.45858383	8.0	3.0	10.0
0.69298244	0.63999999	0.73141892	0.5625	0.58770937	0.67248676	0.0	0.0	9.0	0.0	16.0	3796.8201108	11.0	4.0	10.0
0.7719298	0.56	0.83369932	0.52777778	0.51830683	0.64079328	-0.10001653	1.0	8.0	3.0	13.0	3845.07846737	38.0	5.0	10.0
0.71052629	0.63999999	0.81866554	0.61111111	0.52900897	0.64845418	0.0	0.0	9.0	0.0	16.0	3888.69778228	29.0	6.0	10.0
0.7850877	0.75999999	0.85202703	0.625	0.50177309	0.65959392	0.46028325	5.0	4.0	2.0	14.0	3932.52755356	45.0	7.0	10.0
0.70614034	0.56	0.71858108	0.52083333	0.59647723	0.67514702	-0.22116293	0.0	9.0	2.0	14.0	3977.35368657	9.0	8.0	10.0
0.74122804	0.60000002	0.77871622	0.57638889	0.55419757	0.65440511	-0.02051525	1.0	8.0	2.0	14.0	4017.55171204	23.0	9.0	10.0
