train_acc	val_acc	train_auc	val_auc	train_loss	val_loss	val_mmc	tn	fp	fn	tp	time	ep_stopped	index_fold	seed
0.98557693	0.79166669	0.99972253	0.90277778	0.08216806	0.38780165	0.58536941	10.0	2.0	3.0	9.0	145.86266541	59.0	0.0	1.0
0.97115386	0.95833331	0.99602294	0.97222222	0.13015366	0.22112226	0.91986621	12.0	0.0	1.0	11.0	184.89685011	45.0	1.0	1.0
0.89473683	0.73913044	0.96701484	0.79545455	0.29714762	0.60281755	0.47727273	9.0	3.0	3.0	8.0	215.83795595	14.0	2.0	1.0
0.9665072	0.82608694	0.99560198	0.9469697	0.14874162	0.29514244	0.66414149	9.0	3.0	1.0	10.0	251.60794401	40.0	3.0	1.0
0.97607654	0.82608694	0.99963363	0.91666667	0.08290758	0.37011284	0.65151515	9.0	2.0	2.0	10.0	289.3634367	55.0	4.0	1.0
0.93301433	0.95652175	0.98790987	0.99242424	0.19938684	0.19128625	0.91605722	10.0	1.0	0.0	12.0	323.88365722	34.0	5.0	1.0
0.88995218	0.86956519	0.97893387	0.90151515	0.25822169	0.41510128	0.74047959	9.0	2.0	1.0	11.0	375.1596446	22.0	6.0	1.0
1.0	0.86956519	1.0	0.95454545	0.05573477	0.26134043	0.74242424	10.0	1.0	2.0	10.0	413.46299505	67.0	7.0	1.0
0.97129184	0.78260869	0.99542041	0.90909091	0.15472515	0.38799232	0.56818182	9.0	2.0	3.0	9.0	448.03168964	39.0	8.0	1.0
0.99043059	0.86956519	0.99899249	0.89393939	0.10819455	0.36910188	0.74242424	10.0	1.0	2.0	10.0	483.69823289	50.0	9.0	1.0
1.0	0.91666669	1.0	0.99305556	0.00563619	0.13270781	0.83333333	11.0	1.0	1.0	11.0	530.89339805	148.0	0.0	2.0
0.89903843	0.75	0.96651868	0.86805556	0.28704022	0.49455937	0.53033009	11.0	1.0	5.0	7.0	563.88590145	16.0	1.0	2.0
1.0	0.9130435	1.0	0.97727273	0.01489044	0.1807895	0.82575758	11.0	1.0	1.0	10.0	606.466784	109.0	2.0	2.0
0.91387558	0.82608694	0.98130841	0.9469697	0.24024192	0.3566451	0.66414149	9.0	3.0	1.0	10.0	640.98303938	25.0	3.0	2.0
0.96172249	0.82608694	0.99340539	0.92424242	0.17063406	0.36885848	0.65909298	8.0	3.0	1.0	11.0	676.44858885	37.0	4.0	2.0
0.94736844	0.86956519	0.9966111	0.87121212	0.17407882	0.48361682	0.74047959	9.0	2.0	1.0	11.0	711.31764221	33.0	5.0	2.0
1.0	0.82608694	1.0	0.9469697	0.03692279	0.28237674	0.65909298	8.0	3.0	1.0	11.0	752.37777066	75.0	6.0	2.0
1.0	0.95652175	1.0	1.0	0.00010192	0.06263918	0.91666667	11.0	0.0	1.0	11.0	846.35185361	500.0	7.0	2.0
0.97129184	0.86956519	0.99688588	0.95454545	0.14733412	0.37441388	0.76277007	8.0	3.0	0.0	12.0	883.24597359	40.0	8.0	2.0
0.94258374	0.82608694	0.99203151	0.92424242	0.17647742	0.4454852	0.66414149	10.0	1.0	3.0	9.0	919.86588573	39.0	9.0	2.0
0.89423078	0.91666669	0.97142064	0.90277778	0.26972274	0.40180044	0.84515425	10.0	2.0	0.0	12.0	953.64536572	15.0	0.0	3.0
1.0	0.91666669	1.0	0.99305556	0.0007461	0.1381485	0.83333333	11.0	1.0	1.0	11.0	1023.76560044	293.0	1.0	3.0
0.94736844	0.73913044	0.99092908	0.88636364	0.21376712	0.48934512	0.48856385	8.0	4.0	2.0	9.0	1061.86888599	33.0	2.0	3.0
0.99043059	0.86956519	1.0	0.95454545	0.06249636	0.27081359	0.74047959	11.0	1.0	2.0	9.0	1102.51006532	61.0	3.0	3.0
0.95693779	0.82608694	0.9932222	0.85606061	0.16992382	0.44837693	0.66414149	10.0	1.0	3.0	9.0	1140.54299235	36.0	4.0	3.0
0.98086125	0.82608694	0.99679428	1.0	0.11781345	0.27673722	0.69084928	7.0	4.0	0.0	12.0	1179.16271687	51.0	5.0	3.0
0.97129184	0.82608694	0.99532881	0.90909091	0.1412773	0.39718211	0.66414149	10.0	1.0	3.0	9.0	1218.49092412	43.0	6.0	3.0
0.90909094	0.78260869	0.98067412	0.88636364	0.25460563	0.45041612	0.58930667	10.0	1.0	4.0	8.0	1254.31544089	23.0	7.0	3.0
0.90909094	0.86956519	0.97215607	0.93181818	0.26548994	0.31386592	0.74242424	10.0	1.0	2.0	10.0	1289.26407313	22.0	8.0	3.0
0.96172249	0.82608694	0.99505404	0.96212121	0.16834482	0.30473827	0.65151515	9.0	2.0	2.0	10.0	1325.7979219	39.0	9.0	3.0
0.89903843	0.79166669	0.97114317	0.88194444	0.26694833	0.43546952	0.58536941	10.0	2.0	3.0	9.0	1362.13329816	19.0	0.0	4.0
0.95192307	0.91666669	0.99482057	0.96527778	0.1410071	0.25662191	0.84515425	12.0	0.0	2.0	10.0	1402.52566743	46.0	1.0	4.0
0.98086125	0.9130435	0.99880887	0.93181818	0.10610417	0.30896361	0.82575758	11.0	1.0	1.0	10.0	1445.16259313	57.0	2.0	4.0
0.86602873	0.82608694	0.97141286	0.89393939	0.30742191	0.47460613	0.66414149	9.0	3.0	1.0	10.0	1481.9424119	21.0	3.0	4.0
1.0	0.95652175	1.0	1.0	0.00012329	0.06477149	0.91666667	11.0	0.0	1.0	11.0	1585.49252748	500.0	4.0	4.0
0.94736844	0.82608694	0.9944129	0.96212121	0.16172484	0.29086002	0.66414149	10.0	1.0	3.0	9.0	1625.81976414	44.0	5.0	4.0
0.9665072	0.78260869	0.99716065	0.88636364	0.13381908	0.4787276	0.56490196	8.0	3.0	2.0	10.0	1665.45993853	44.0	6.0	4.0
0.91387558	0.9130435	0.97838432	0.9469697	0.23777357	0.29192342	0.82575758	10.0	1.0	1.0	11.0	1703.68324399	25.0	7.0	4.0
0.98086125	0.78260869	0.99697747	0.85606061	0.13265286	0.4582973	0.56490196	8.0	3.0	2.0	10.0	1743.22987795	47.0	8.0	4.0
0.98086125	0.82608694	0.99761861	0.93181818	0.12449268	0.34757179	0.65909298	8.0	3.0	1.0	11.0	1786.16672492	56.0	9.0	4.0
0.96634614	0.83333331	0.99509804	0.9375	0.13594931	0.3133286	0.6761234	11.0	1.0	3.0	9.0	1829.51195049	46.0	0.0	5.0
0.88942307	0.83333331	0.96762856	0.89583333	0.28844808	0.43448667	0.6761234	11.0	1.0	3.0	9.0	1866.66069722	15.0	1.0	5.0
0.99043059	0.86956519	0.99990837	0.96969697	0.07201795	0.20611272	0.74242424	10.0	2.0	1.0	10.0	1909.33071446	63.0	2.0	5.0
1.0	0.95652175	1.0	0.98484848	0.00011758	0.14877696	0.91666667	11.0	1.0	0.0	11.0	2021.86844563	500.0	3.0	5.0
1.0	0.9130435	1.0	0.93939394	0.01667097	0.29935334	0.83743579	9.0	2.0	0.0	12.0	2073.93681669	113.0	4.0	5.0
1.0	0.95652175	1.0	0.97727273	0.00011	0.18404808	0.91666667	11.0	0.0	1.0	11.0	2183.22640395	500.0	5.0	5.0
0.89952153	0.82608694	0.97737681	0.84090909	0.28120913	0.55940364	0.65909298	8.0	3.0	1.0	11.0	2220.98688269	23.0	6.0	5.0
1.0	0.95652175	1.0	0.97727273	0.02426787	0.18990611	0.91666667	11.0	0.0	1.0	11.0	2272.77382636	100.0	7.0	5.0
0.94736844	0.73913044	0.99358857	0.88636364	0.17181127	0.46038574	0.50168817	6.0	5.0	1.0	11.0	2311.47887063	37.0	8.0	5.0
0.90430623	0.73913044	0.9797582	0.88636364	0.23979397	0.43868321	0.5164589	10.0	1.0	5.0	7.0	2349.79468894	27.0	9.0	5.0
0.94230771	0.83333331	0.99593045	0.91666667	0.181841	0.46981619	0.70710678	8.0	4.0	0.0	12.0	2390.46621871	34.0	0.0	6.0
0.93269229	0.79166669	0.98732889	0.9375	0.20348661	0.36033362	0.60246408	11.0	1.0	4.0	8.0	2433.38192296	31.0	1.0	6.0
0.99043059	0.86956519	1.0	0.96212121	0.06754723	0.25934324	0.74242424	10.0	2.0	1.0	10.0	2481.36375904	65.0	2.0	6.0
1.0	0.95652175	1.0	0.98484848	0.00310489	0.11253476	0.91605722	12.0	0.0	1.0	10.0	2549.09238195	194.0	3.0	6.0
0.95215309	0.86956519	0.99386334	0.92424242	0.16986228	0.34213112	0.76764947	11.0	0.0	3.0	9.0	2590.65399623	41.0	4.0	6.0
0.96172249	0.82608694	0.99248947	0.90909091	0.17282967	0.40461626	0.65909298	8.0	3.0	1.0	11.0	2635.075526	39.0	5.0	6.0
0.95215309	0.82608694	0.99139036	0.93939394	0.18987283	0.39502583	0.65151515	9.0	2.0	2.0	10.0	2679.12870884	37.0	6.0	6.0
0.85167462	0.73913044	0.95750137	0.82575758	0.33742594	0.54035415	0.48856385	9.0	2.0	4.0	8.0	2716.95587969	16.0	7.0	6.0
0.82296652	0.78260869	0.95658546	0.84090909	0.36618047	0.47714611	0.58930667	10.0	1.0	4.0	8.0	2756.75863242	17.0	8.0	6.0
0.98086125	0.9130435	0.99615314	0.97727273	0.13164561	0.22144439	0.83743579	9.0	2.0	0.0	12.0	2817.37283444	52.0	9.0	6.0
0.89423078	0.75	0.97151313	0.86111111	0.27469129	0.45062713	0.50709255	8.0	4.0	2.0	10.0	2858.53568602	17.0	0.0	7.0
0.98076922	0.83333331	0.99916759	0.95138889	0.10251821	0.30905479	0.66666667	10.0	2.0	2.0	10.0	2904.65918493	60.0	1.0	7.0
1.0	0.86956519	1.0	1.0	0.04226547	0.19508695	0.76764947	9.0	3.0	0.0	11.0	2957.43836617	84.0	2.0	7.0
0.9665072	0.86956519	0.99486898	0.93181818	0.17305374	0.35281513	0.74242424	10.0	2.0	1.0	10.0	3002.85787082	41.0	3.0	7.0
0.98564595	0.78260869	0.99844294	0.93181818	0.09916829	0.35964905	0.58930667	10.0	1.0	4.0	8.0	3049.30566883	59.0	4.0	7.0
0.9952153	0.82608694	0.99990841	0.91666667	0.07055911	0.38327128	0.66414149	10.0	1.0	3.0	9.0	3097.67356277	62.0	5.0	7.0
0.95693779	0.82608694	0.99615314	0.93181818	0.16748852	0.35443742	0.65151515	9.0	2.0	2.0	10.0	3143.39406419	45.0	6.0	7.0
0.98086125	1.0	0.9977102	1.0	0.11692288	0.09279807	1.0	11.0	0.0	0.0	12.0	3192.99642992	58.0	7.0	7.0
0.9665072	0.82608694	0.99761861	0.95454545	0.11215383	0.34873897	0.66414149	10.0	1.0	3.0	9.0	3239.0649941	59.0	8.0	7.0
0.85167462	0.82608694	0.96592783	0.87121212	0.32781135	0.49643506	0.66414149	10.0	1.0	3.0	9.0	3279.73782134	17.0	9.0	7.0
0.96634614	0.875	0.99565298	0.97916667	0.15448341	0.22388901	0.77459667	9.0	3.0	0.0	12.0	3326.44593835	46.0	0.0	8.0
0.98557693	0.75	0.99500555	0.84027778	0.11999571	0.47606035	0.50709255	8.0	4.0	2.0	10.0	3371.76912832	46.0	1.0	8.0
0.92344499	0.9130435	0.98909657	0.96969697	0.20922267	0.26488628	0.83971912	10.0	2.0	0.0	11.0	3416.35971332	35.0	2.0	8.0
1.0	0.95652175	1.0	1.0	0.00815292	0.11029061	0.91605722	12.0	0.0	1.0	10.0	3480.87010407	135.0	3.0	8.0
0.97129184	0.73913044	0.99404653	0.9469697	0.14415915	0.35108447	0.50168817	6.0	5.0	1.0	11.0	3532.46619081	38.0	4.0	8.0
0.88516748	0.73913044	0.97041583	0.82575758	0.27980328	0.60105219	0.47727273	8.0	3.0	3.0	9.0	3574.31360698	12.0	5.0	8.0
0.98564595	0.69565219	0.99945045	0.84848485	0.09128254	0.5056909	0.41096386	9.0	2.0	5.0	7.0	3624.44235873	58.0	6.0	8.0
1.0	0.9130435	1.0	0.96212121	0.0180538	0.21204219	0.82575758	10.0	1.0	1.0	11.0	3681.36839843	100.0	7.0	8.0
1.0	0.82608694	1.0	0.93939394	0.02731067	0.35150027	0.65151515	9.0	2.0	2.0	10.0	3740.97341132	89.0	8.0	8.0
0.98564595	0.86956519	0.99844294	0.93181818	0.10154282	0.30153857	0.74242424	10.0	1.0	2.0	10.0	3790.78890228	58.0	9.0	8.0
0.92788464	0.875	0.98788383	0.96527778	0.20423736	0.2216972	0.75261781	11.0	1.0	2.0	10.0	3836.70256782	33.0	0.0	9.0
0.97115386	0.75	0.9973178	0.81944444	0.12701026	0.53981967	0.5	9.0	3.0	3.0	9.0	3884.47734714	47.0	1.0	9.0
0.95693779	0.9130435	0.99367784	0.9469697	0.14205724	0.26974322	0.83743579	12.0	0.0	2.0	9.0	3932.35387969	43.0	2.0	9.0
0.88995218	0.60869563	0.97113799	0.65909091	0.29513625	0.84602308	0.23262105	6.0	6.0	3.0	8.0	3974.33172011	10.0	3.0	9.0
0.98564595	0.86956519	0.9989009	0.93939394	0.10020894	0.36177236	0.74242424	10.0	1.0	2.0	10.0	4023.93808889	48.0	4.0	9.0
1.0	0.9130435	1.0	0.98484848	0.00707732	0.17702146	0.82575758	10.0	1.0	1.0	11.0	4090.23547077	140.0	5.0	9.0
1.0	0.9130435	1.0	0.96969697	0.01224791	0.19686197	0.83971912	11.0	0.0	2.0	10.0	4149.64860964	110.0	6.0	9.0
1.0	0.9130435	1.0	0.96969697	0.00272866	0.22155109	0.82575758	10.0	1.0	1.0	11.0	4228.39131594	204.0	7.0	9.0
0.96172249	0.9130435	0.99532881	0.98484848	0.15118977	0.19564411	0.83971912	11.0	0.0	2.0	10.0	4276.51713848	43.0	8.0	9.0
0.97129184	0.78260869	0.99862612	0.93181818	0.12537136	0.36719165	0.58002308	7.0	4.0	1.0	11.0	4325.93480182	48.0	9.0	9.0
0.89423078	0.875	0.9800222	0.875	0.28184104	0.43496837	0.75261781	10.0	2.0	1.0	11.0	4371.68529224	23.0	0.0	10.0
1.0	0.95833331	1.0	1.0	0.0001417	0.11324774	0.91986621	12.0	0.0	1.0	11.0	4504.09809637	500.0	1.0	10.0
0.9952153	0.82608694	0.99981675	0.95454545	0.07447338	0.30106871	0.66414149	9.0	3.0	1.0	10.0	4557.20980883	63.0	2.0	10.0
0.98564595	0.78260869	0.99917537	0.89393939	0.09745505	0.47257953	0.56818182	9.0	3.0	2.0	9.0	4611.86703038	57.0	3.0	10.0
1.0	0.9130435	1.0	1.0	0.01257411	0.16965221	0.83743579	9.0	2.0	0.0	12.0	4677.81015944	121.0	4.0	10.0
0.98086125	0.82608694	0.99807657	0.96212121	0.10378951	0.33193506	0.66414149	10.0	1.0	3.0	9.0	4730.5266602	57.0	5.0	10.0
0.91866028	0.73913044	0.98845942	0.86363636	0.21305371	0.48036244	0.5164589	10.0	1.0	5.0	7.0	4779.71782637	33.0	6.0	10.0
0.9952153	0.9130435	0.99963363	0.98484848	0.07941327	0.20556963	0.83971912	11.0	0.0	2.0	10.0	4834.75786734	60.0	7.0	10.0
0.93301433	0.73913044	0.99248947	0.84090909	0.19947402	0.47828625	0.5164589	10.0	1.0	5.0	7.0	4891.29889441	35.0	8.0	10.0
0.9665072	0.9130435	0.99514563	0.97727273	0.14864499	0.28018015	0.83743579	9.0	2.0	0.0	12.0	4945.04457164	47.0	9.0	10.0
