train_acc	val_acc	train_auc	val_auc	train_loss	val_loss	val_mmc	tn	fp	fn	tp	time	ep_stopped	index_fold	seed
0.69579285	0.6857143	0.91825876	0.72222222	0.57356857	0.63219588	0.37340802	14.0	4.0	7.0	10.0	138.42178106	23.0	0.0	1.0
0.605178	0.48571429	0.85792693	0.57843137	0.669433	0.71728044	-0.0571662	14.0	4.0	14.0	3.0	177.87944746	9.0	1.0	1.0
0.55987054	0.54285717	0.84234121	0.58496732	0.71646188	0.66019832	0.08092173	13.0	5.0	11.0	6.0	218.56388474	9.0	2.0	1.0
0.70873785	0.65714288	0.92676387	0.72222222	0.56411227	0.59051707	0.31354672	13.0	5.0	7.0	10.0	261.42562795	22.0	3.0	1.0
0.7870968	0.58823532	0.95845302	0.6366782	0.48054974	0.71269039	0.2	14.0	3.0	11.0	6.0	305.43118024	40.0	4.0	1.0
0.9967742	0.67647058	1.0	0.76124567	0.16059182	0.62083334	0.35355339	11.0	6.0	5.0	12.0	360.30636668	124.0	5.0	1.0
0.61935484	0.52941179	0.88905541	0.68512111	0.63870066	0.68225927	0.0727393	14.0	3.0	13.0	4.0	399.03000426	14.0	6.0	1.0
0.97741938	0.7647059	0.99991674	0.82698962	0.21262433	0.51901238	0.53311399	12.0	5.0	3.0	14.0	449.94831371	143.0	7.0	1.0
0.69999999	0.61764705	0.92123559	0.69204152	0.55139424	0.65255782	0.23904572	12.0	5.0	8.0	9.0	501.88127542	22.0	8.0	1.0
0.58387095	0.61764705	0.83272969	0.5916955	0.70488597	0.73649564	0.25819889	14.0	3.0	10.0	7.0	541.53196931	9.0	9.0	1.0
0.70226538	0.62857145	0.90887381	0.65359477	0.58696203	0.65676197	0.25671802	13.0	5.0	8.0	9.0	583.34484673	14.0	0.0	2.0
0.54692554	0.5714286	0.82256578	0.6372549	0.7178822	0.7239965	0.14462031	14.0	4.0	11.0	6.0	623.08660817	9.0	1.0	2.0
0.74757284	0.6857143	0.94121837	0.7875817	0.53223287	0.59094469	0.39770584	16.0	2.0	9.0	8.0	666.97964215	29.0	2.0	2.0
0.55339807	0.60000002	0.84150327	0.59477124	0.70392889	0.71403558	0.25671802	17.0	1.0	13.0	4.0	706.35718131	9.0	3.0	2.0
0.71935487	0.58823532	0.934474	0.67128028	0.51893145	0.68490643	0.18156826	12.0	5.0	9.0	8.0	758.56835985	31.0	4.0	2.0
0.81935483	0.64705884	0.9743974	0.71626298	0.42136765	0.661289	0.29411765	11.0	6.0	6.0	11.0	807.12001157	54.0	5.0	2.0
0.71935487	0.61764705	0.92660589	0.67474048	0.55718997	0.65163292	0.23904572	12.0	5.0	8.0	9.0	854.61628318	27.0	6.0	2.0
0.67741936	0.67647058	0.87835644	0.69550173	0.60932413	0.62456813	0.36927447	14.0	3.0	8.0	9.0	896.80942512	16.0	7.0	2.0
0.60000002	0.5	0.85441905	0.57093426	0.65873647	0.7278953	0.0	10.0	7.0	10.0	7.0	948.89030814	11.0	8.0	2.0
0.79677421	0.67647058	0.96644603	0.71280277	0.46695184	0.61539211	0.35856858	10.0	7.0	4.0	13.0	997.3173039	32.0	9.0	2.0
0.63754046	0.65714288	0.87497905	0.66013072	0.64811097	0.66215923	0.31354672	13.0	5.0	7.0	10.0	1039.29033685	14.0	0.0	3.0
0.60194176	0.62857145	0.86471426	0.69607843	0.65368138	0.67628625	0.27116307	15.0	3.0	10.0	7.0	1082.98226237	14.0	1.0	3.0
0.56634307	0.54285717	0.84715938	0.5751634	0.69317472	0.69781333	0.08221556	14.0	4.0	12.0	5.0	1124.58554697	9.0	2.0	3.0
0.72815531	0.71428573	0.90832914	0.74183007	0.56443912	0.59954574	0.43605973	15.0	3.0	7.0	10.0	1166.09473872	15.0	3.0	3.0
0.61935484	0.52941179	0.8816036	0.52941176	0.65323943	0.74893618	0.06052275	11.0	6.0	10.0	7.0	1206.56516552	11.0	4.0	3.0
0.89354837	0.61764705	0.99350568	0.65743945	0.34755342	0.70954438	0.23904572	12.0	5.0	8.0	9.0	1248.42297935	60.0	5.0	3.0
0.79354841	0.64705884	0.95803672	0.6816609	0.47786125	0.63304377	0.30261377	13.0	4.0	8.0	9.0	1289.82851529	32.0	6.0	3.0
0.62903225	0.58823532	0.86478498	0.6366782	0.65091081	0.67156991	0.17647059	10.0	7.0	7.0	10.0	1334.42538929	14.0	7.0	3.0
0.69677418	0.67647058	0.92560676	0.73356401	0.56901074	0.63069139	0.35856858	13.0	4.0	7.0	10.0	1375.36487103	28.0	8.0	3.0
0.97741938	0.7352941	1.0	0.85467128	0.19533313	0.52069868	0.47809144	14.0	3.0	6.0	11.0	1424.85238409	139.0	9.0	3.0
0.88673139	0.6857143	0.98097872	0.73202614	0.38633152	0.61721543	0.37340802	14.0	4.0	7.0	10.0	1471.15637445	52.0	0.0	4.0
0.97087377	0.77142859	0.99928775	0.80718954	0.22266624	0.56243805	0.54458115	15.0	3.0	5.0	12.0	1524.56197906	125.0	1.0	4.0
0.56310678	0.54285717	0.81582035	0.50326797	0.73832494	0.7629434	0.08092173	13.0	5.0	11.0	6.0	1568.70027995	8.0	2.0	4.0
0.53074431	0.51428574	0.80844646	0.44117647	0.73361673	0.82874914	0.023338	11.0	7.0	10.0	7.0	1616.9744556	8.0	3.0	4.0
0.98709679	0.82352942	0.99995837	0.8615917	0.16588213	0.48082106	0.66575029	16.0	1.0	5.0	12.0	1671.41711283	118.0	4.0	4.0
0.58709675	0.52941179	0.86540943	0.49134948	0.6596604	0.77084564	0.0727393	14.0	3.0	13.0	4.0	1712.40825057	12.0	5.0	4.0
0.9580645	0.70588237	0.9995837	0.76816609	0.24666173	0.60030144	0.42365927	14.0	3.0	7.0	10.0	1759.26851654	103.0	6.0	4.0
0.62258065	0.64705884	0.88547521	0.73356401	0.62864962	0.62716543	0.30261377	13.0	4.0	8.0	9.0	1801.3374486	14.0	7.0	4.0
0.63548386	0.64705884	0.88510054	0.7266436	0.63741841	0.61996346	0.30261377	13.0	4.0	8.0	9.0	1844.64509106	19.0	8.0	4.0
0.59032255	0.47058824	0.86961409	0.51211073	0.68298353	0.74651924	-0.06052275	10.0	7.0	11.0	6.0	1887.02825141	13.0	9.0	4.0
0.74433655	0.74285716	0.94017094	0.7875817	0.53340199	0.55629147	0.48524851	14.0	4.0	5.0	12.0	1931.54183412	27.0	0.0	5.0
0.58576053	0.62857145	0.83932462	0.59803922	0.68595668	0.71189615	0.26151604	14.0	4.0	9.0	8.0	1976.09463906	8.0	1.0	5.0
0.83171523	0.5714286	0.97750126	0.63398693	0.42444858	0.67398064	0.14108102	13.0	5.0	10.0	7.0	2023.26655126	45.0	2.0	5.0
0.55663431	0.54285717	0.83986928	0.58169935	0.70093455	0.6998804	0.08112739	12.0	6.0	10.0	7.0	2067.95320368	9.0	3.0	5.0
0.88387096	0.58823532	0.98896799	0.66089965	0.36139419	0.67787729	0.18860838	13.0	4.0	10.0	7.0	2118.67188454	62.0	4.0	5.0
0.69677418	0.64705884	0.91927896	0.69204152	0.57437565	0.65140671	0.29411765	11.0	6.0	6.0	11.0	2168.3675704	22.0	5.0	5.0
0.7483871	0.67647058	0.93838724	0.73356401	0.52041853	0.60485521	0.35355339	12.0	5.0	6.0	11.0	2224.93781447	28.0	6.0	5.0
0.9612903	0.7647059	0.99966696	0.87543253	0.24203713	0.48822312	0.56582515	16.0	1.0	7.0	10.0	2278.02247977	91.0	7.0	5.0
1.0	0.7647059	1.0	0.8615917	0.0786158	0.48349672	0.53311399	14.0	3.0	5.0	12.0	2333.4459703	218.0	8.0	5.0
0.72258067	0.52941179	0.92902044	0.56055363	0.53680636	0.73006617	0.06052275	11.0	6.0	10.0	7.0	2380.41046214	28.0	9.0	5.0
0.77346277	0.71428573	0.95039383	0.78104575	0.50787308	0.57987995	0.42906394	14.0	4.0	6.0	11.0	2427.77877569	32.0	0.0	6.0
0.63106793	0.51428574	0.89006201	0.60130719	0.61883092	0.69687368	0.023338	11.0	7.0	10.0	7.0	2518.88985872	17.0	1.0	6.0
0.50809062	0.48571429	0.81372549	0.40849673	0.74474522	0.84225698	-0.03718339	11.0	7.0	11.0	6.0	2564.45396304	8.0	2.0	6.0
0.69255662	0.60000002	0.91666667	0.69281046	0.58480116	0.64578089	0.22866478	16.0	2.0	12.0	5.0	2613.0984025	20.0	3.0	6.0
0.55806452	0.58823532	0.83680946	0.6816609	0.70725466	0.68613914	0.18860838	13.0	4.0	10.0	7.0	2656.83370018	9.0	4.0	6.0
0.9645161	0.61764705	0.99929229	0.79584775	0.230373	0.54280104	0.24618298	13.0	4.0	9.0	8.0	2719.40577984	97.0	5.0	6.0
0.80645162	0.7352941	0.96170018	0.77508651	0.46038732	0.61038118	0.47809144	14.0	3.0	6.0	11.0	2772.02479434	48.0	6.0	6.0
0.66451615	0.5	0.8977145	0.59515571	0.6042144	0.71895658	0.0	10.0	7.0	10.0	7.0	2817.95512867	16.0	7.0	6.0
0.61290324	0.5	0.85300362	0.58477509	0.68584325	0.7019257	0.0	13.0	4.0	13.0	4.0	2867.97875166	12.0	8.0	6.0
0.77419353	0.7352941	0.95183381	0.78546713	0.51210312	0.57613405	0.47140452	12.0	5.0	4.0	13.0	2927.26779556	28.0	9.0	6.0
0.64077669	0.5714286	0.88168259	0.55228758	0.64329913	0.72646821	0.14108102	13.0	5.0	10.0	7.0	2975.88767004	14.0	0.0	7.0
0.52103561	0.5714286	0.84665661	0.57843137	0.70805937	0.690945	0.15169701	15.0	3.0	12.0	5.0	3024.86144495	9.0	1.0	7.0
0.70873785	0.71428573	0.89626278	0.73856209	0.58356811	0.6067611	0.45034702	16.0	2.0	8.0	9.0	3072.64718509	15.0	2.0	7.0
0.54045308	0.54285717	0.82914362	0.61111111	0.73298495	0.68588209	0.08112739	12.0	6.0	10.0	7.0	3120.25497437	9.0	3.0	7.0
0.47741935	0.44117647	0.80067441	0.4567474	0.74408341	0.79267369	-0.12309149	10.0	7.0	12.0	5.0	3171.48667765	8.0	4.0	7.0
0.77741933	0.64705884	0.95745389	0.78546713	0.47869084	0.57249115	0.30261377	13.0	4.0	8.0	9.0	3219.84663272	33.0	5.0	7.0
0.99032259	0.7647059	1.0	0.83391003	0.13819498	0.50266486	0.54470478	15.0	2.0	6.0	11.0	3284.24017143	158.0	6.0	7.0
0.81935483	0.67647058	0.97343991	0.77508651	0.4445553	0.56130695	0.35355339	12.0	5.0	6.0	11.0	3330.77288532	40.0	7.0	7.0
0.50645161	0.41176471	0.81478706	0.42214533	0.74337623	0.77805295	-0.18156826	9.0	8.0	12.0	5.0	3380.1505692	8.0	8.0	7.0
0.89999998	0.70588237	0.99388035	0.75432526	0.3375541	0.58543882	0.41464421	13.0	4.0	6.0	11.0	3435.55553126	66.0	9.0	7.0
0.67961162	0.48571429	0.90007541	0.56535948	0.61258088	0.71040651	-0.03718339	11.0	7.0	11.0	6.0	3485.206074	23.0	0.0	8.0
0.96116507	0.77142859	0.9970672	0.80718954	0.23847627	0.55808441	0.55437051	16.0	2.0	6.0	11.0	3543.5629468	107.0	1.0	8.0
0.65048546	0.65714288	0.88884699	0.68300654	0.63589806	0.66689569	0.34381054	16.0	2.0	10.0	7.0	3591.848984	15.0	2.0	8.0
0.71521038	0.6857143	0.92789509	0.72875817	0.57583742	0.63130989	0.37049379	13.0	5.0	6.0	11.0	3638.87008047	25.0	3.0	8.0
0.5354839	0.67647058	0.84779984	0.5017301	0.70955689	0.72775369	0.41602515	16.0	1.0	10.0	7.0	3683.36438966	9.0	4.0	8.0
0.60645163	0.47058824	0.87585862	0.58477509	0.65293877	0.70463961	-0.06286946	11.0	6.0	12.0	5.0	3737.38810539	16.0	5.0	8.0
0.55161291	0.55882353	0.8303984	0.55017301	0.70122223	0.72417544	0.12309149	12.0	5.0	10.0	7.0	3783.93906236	9.0	6.0	8.0
0.7096774	0.67647058	0.9183631	0.6816609	0.56585127	0.68712303	0.35355339	11.0	6.0	5.0	12.0	3832.46849346	21.0	7.0	8.0
0.93870968	0.7352941	0.99733566	0.82698962	0.2958869	0.51490761	0.47140452	13.0	4.0	5.0	12.0	3887.60828424	79.0	8.0	8.0
0.68709677	0.55882353	0.92527372	0.56401384	0.566962	0.75026112	0.12909944	13.0	4.0	11.0	6.0	3935.54042006	22.0	9.0	8.0
0.92233008	0.6857143	0.99371543	0.76470588	0.31180549	0.5739393	0.37049379	13.0	5.0	6.0	11.0	3994.4710722	80.0	0.0	9.0
0.67961162	0.54285717	0.92332831	0.68954248	0.57095702	0.65667001	0.08221556	14.0	4.0	12.0	5.0	4046.45048642	19.0	1.0	9.0
0.76375407	0.60000002	0.94138596	0.65359477	0.50551876	0.67329424	0.20406349	14.0	4.0	10.0	7.0	4099.7025528	32.0	2.0	9.0
0.77346277	0.6857143	0.9581029	0.75816993	0.49379865	0.59509287	0.37340802	14.0	4.0	7.0	10.0	4150.5042069	35.0	3.0	9.0
0.74193549	0.67647058	0.94613047	0.73702422	0.50278916	0.61111246	0.35355339	12.0	5.0	6.0	11.0	4199.6923821	28.0	4.0	9.0
0.62903225	0.58823532	0.89005454	0.62283737	0.63997357	0.66680305	0.2	14.0	3.0	11.0	6.0	4248.09929156	15.0	5.0	9.0
0.63225806	0.47058824	0.85279547	0.49480969	0.65672195	0.87283008	-0.06286946	11.0	6.0	12.0	5.0	4294.54875565	9.0	6.0	9.0
0.58064514	0.5	0.84505225	0.56747405	0.69192618	0.73083699	0.0	11.0	6.0	11.0	6.0	4343.27151871	9.0	7.0	9.0
0.56129032	0.67647058	0.85529329	0.72318339	0.68374437	0.61805221	0.36927447	14.0	3.0	8.0	9.0	4392.62695956	13.0	8.0	9.0
0.63870966	0.55882353	0.8846426	0.61591696	0.63174258	0.67704063	0.11785113	10.0	7.0	8.0	9.0	4447.35822511	17.0	9.0	9.0
0.54692554	0.54285717	0.83077761	0.52287582	0.71431461	0.77557214	0.08574929	15.0	3.0	13.0	4.0	4497.07856321	8.0	0.0	10.0
0.97087377	0.71428573	0.99974862	0.77777778	0.21251169	0.62742637	0.43605973	15.0	3.0	7.0	10.0	4559.15035796	119.0	1.0	10.0
0.57281554	0.54285717	0.84921233	0.59477124	0.69506272	0.7008246	0.0825123	11.0	7.0	9.0	8.0	4610.32049918	11.0	2.0	10.0
0.60841423	0.5714286	0.88453159	0.6503268	0.64493832	0.66306084	0.14462031	14.0	4.0	11.0	6.0	4662.63924599	16.0	3.0	10.0
0.52903223	0.5	0.84272095	0.63321799	0.70802375	0.6822756	0.0	13.0	4.0	13.0	4.0	4714.5240376	9.0	4.0	10.0
0.9967742	0.79411763	1.0	0.87543253	0.11918357	0.44863587	0.58925565	13.0	4.0	3.0	14.0	4785.04691243	192.0	5.0	10.0
0.71935487	0.67647058	0.93081054	0.68858131	0.55685186	0.63849202	0.35856858	13.0	4.0	7.0	10.0	4841.9532907	26.0	6.0	10.0
0.63225806	0.5	0.89871363	0.66782007	0.61964257	0.66777621	0.0	10.0	7.0	10.0	7.0	4894.19860339	18.0	7.0	10.0
0.98709679	0.67647058	1.0	0.816609	0.18569264	0.5524809	0.35856858	13.0	4.0	7.0	10.0	4953.1075294	134.0	8.0	10.0
0.61290324	0.61764705	0.8774822	0.59861592	0.64361546	0.73406792	0.24618298	13.0	4.0	9.0	8.0	5004.7537334	12.0	9.0	10.0
