train_acc	val_acc	train_auc	val_auc	train_loss	val_loss	val_mmc	tn	fp	fn	tp	time	ep_stopped	index_fold	seed
0.92307693	0.79166669	0.98575657	0.86805556	0.21109045	0.42854536	0.60246408	11.0	1.0	4.0	8.0	90.35437083	19.0	0.0	1.0
1.0	0.875	1.0	0.96527778	0.05348062	0.21380064	0.75261781	11.0	1.0	2.0	10.0	123.80556297	38.0	1.0	1.0
0.88995218	0.69565219	0.96509071	0.78787879	0.2918975	0.672708	0.39393939	8.0	4.0	3.0	8.0	152.60676551	10.0	2.0	1.0
1.0	0.9130435	1.0	0.97727273	0.01027358	0.18524665	0.82575758	11.0	1.0	1.0	10.0	189.41077781	70.0	3.0	1.0
0.9665072	0.78260869	0.9966111	0.90909091	0.15068539	0.38395239	0.56818182	9.0	2.0	3.0	9.0	221.90382314	26.0	4.0	1.0
1.0	0.95652175	1.0	0.99242424	0.04581418	0.14506406	0.91605722	10.0	1.0	0.0	12.0	256.07773256	41.0	5.0	1.0
0.90909094	0.9130435	0.98452097	0.90151515	0.23022146	0.42513884	0.82575758	10.0	1.0	1.0	11.0	302.02469993	18.0	6.0	1.0
0.9952153	0.82608694	0.99990841	0.96212121	0.08517338	0.32371825	0.65151515	9.0	2.0	2.0	10.0	334.78659511	35.0	7.0	1.0
0.9665072	0.78260869	0.9978018	0.92424242	0.13780312	0.36217681	0.56818182	9.0	2.0	3.0	9.0	367.70652437	26.0	8.0	1.0
1.0	0.82608694	1.0	0.90909091	0.0591859	0.38228268	0.66414149	10.0	1.0	3.0	9.0	402.33855605	41.0	9.0	1.0
1.0	0.875	1.0	0.96527778	0.01730685	0.23527064	0.75261781	11.0	1.0	2.0	10.0	439.24391389	63.0	0.0	2.0
0.89903843	0.79166669	0.96466889	0.84027778	0.27101711	0.50851683	0.60246408	11.0	1.0	4.0	8.0	470.60924149	12.0	1.0	2.0
1.0	0.9130435	1.0	0.97727273	0.03663948	0.21045266	0.82575758	11.0	1.0	1.0	10.0	507.73249078	51.0	2.0	2.0
0.89952153	0.78260869	0.97416163	0.9469697	0.25871629	0.36693499	0.56818182	9.0	3.0	2.0	9.0	538.44841146	16.0	3.0	2.0
0.9952153	0.86956519	1.0	0.92424242	0.06534688	0.30555066	0.74047959	9.0	2.0	1.0	11.0	572.42211914	39.0	4.0	2.0
0.9665072	0.86956519	0.99926727	0.91666667	0.13324399	0.44913352	0.74242424	10.0	1.0	2.0	10.0	606.76053381	29.0	5.0	2.0
0.9952153	0.86956519	0.99981682	0.9469697	0.08358389	0.31513162	0.74047959	9.0	2.0	1.0	11.0	640.78014326	36.0	6.0	2.0
1.0	0.95652175	1.0	0.97727273	0.00943327	0.17272611	0.91666667	11.0	0.0	1.0	11.0	680.8936379	79.0	7.0	2.0
0.9952153	0.9130435	1.0	0.98484848	0.08094012	0.29221692	0.83743579	9.0	2.0	0.0	12.0	716.05404091	39.0	8.0	2.0
0.97607654	0.86956519	0.99899249	0.91666667	0.10967384	0.50585729	0.74242424	10.0	1.0	2.0	10.0	750.0973537	33.0	9.0	2.0
0.88942307	0.91666669	0.96966334	0.90277778	0.25332392	0.39815796	0.84515425	10.0	2.0	0.0	12.0	783.35150433	13.0	0.0	3.0
1.0	0.91666669	1.0	0.98611111	0.01014669	0.16707995	0.84515425	10.0	2.0	0.0	12.0	826.2459681	74.0	1.0	3.0
0.98086125	0.73913044	0.99935862	0.86363636	0.10623051	0.51279804	0.48856385	8.0	4.0	2.0	9.0	862.89272165	35.0	2.0	3.0
0.9952153	0.86956519	0.99981675	0.96212121	0.08766169	0.27394282	0.74047959	11.0	1.0	2.0	9.0	901.02870083	34.0	3.0	3.0
0.97607654	0.78260869	0.99899249	0.90151515	0.12110545	0.40900163	0.56818182	9.0	2.0	3.0	9.0	937.3286016	31.0	4.0	3.0
0.97129184	0.86956519	0.99835135	0.98484848	0.11668322	0.27897678	0.76277007	8.0	3.0	0.0	12.0	972.90159154	33.0	5.0	3.0
0.84688997	0.73913044	0.95887525	0.84090909	0.33982944	0.48552377	0.48856385	9.0	2.0	4.0	8.0	1007.69808125	12.0	6.0	3.0
0.92344499	0.78260869	0.98571167	0.83333333	0.22453582	0.48342704	0.58930667	10.0	1.0	4.0	8.0	1041.66478968	19.0	7.0	3.0
0.90909094	0.86956519	0.97490383	0.93939394	0.24806456	0.28143657	0.74242424	10.0	1.0	2.0	10.0	1077.36551404	20.0	8.0	3.0
1.0	0.95652175	1.0	0.97727273	0.05592952	0.20319554	0.91605722	10.0	1.0	0.0	12.0	1115.43887615	40.0	9.0	3.0
0.90865386	0.79166669	0.97058824	0.88194444	0.25068909	0.42471789	0.58536941	10.0	2.0	3.0	9.0	1152.97209239	14.0	0.0	4.0
0.98557693	0.875	0.99898261	0.95833333	0.10333949	0.2674883	0.75261781	11.0	1.0	2.0	10.0	1190.17499614	31.0	1.0	4.0
0.94736844	0.82608694	0.99010445	0.90909091	0.19620318	0.38047105	0.65151515	10.0	2.0	2.0	9.0	1226.00910139	22.0	2.0	4.0
0.85167462	0.82608694	0.9578523	0.87878788	0.34678476	0.53142014	0.66414149	9.0	3.0	1.0	10.0	1261.81904364	13.0	3.0	4.0
1.0	0.95652175	1.0	1.0	0.00066391	0.10929859	0.91666667	11.0	0.0	1.0	11.0	1326.40572	213.0	4.0	4.0
0.98564595	0.86956519	1.0	0.95454545	0.08507476	0.28906	0.74242424	10.0	1.0	2.0	10.0	1363.9556601	36.0	5.0	4.0
0.97607654	0.78260869	0.99871771	0.87121212	0.11721629	0.53115569	0.56490196	8.0	3.0	2.0	10.0	1403.1420486	30.0	6.0	4.0
0.89473683	0.82608694	0.97215607	0.95454545	0.25220348	0.29184697	0.66414149	10.0	1.0	3.0	9.0	1437.55008006	14.0	7.0	4.0
0.98086125	0.82608694	0.99899249	0.87121212	0.11764008	0.51400941	0.65151515	9.0	2.0	2.0	10.0	1476.07202268	33.0	8.0	4.0
0.9952153	0.82608694	1.0	0.92424242	0.07790004	0.34064184	0.65909298	8.0	3.0	1.0	11.0	1514.96636057	38.0	9.0	4.0
0.98076922	0.83333331	0.99852016	0.95833333	0.10885049	0.32058899	0.6761234	11.0	1.0	3.0	9.0	1555.5289979	32.0	0.0	5.0
0.88942307	0.83333331	0.96466889	0.90277778	0.27549938	0.46236865	0.6761234	11.0	1.0	3.0	9.0	1594.33770537	11.0	1.0	5.0
1.0	0.95652175	1.0	0.93939394	0.03632914	0.2029969	0.91605722	12.0	0.0	1.0	10.0	1637.31197238	50.0	2.0	5.0
0.90430623	0.86956519	0.98103353	0.96969697	0.24606509	0.2795148	0.74242424	10.0	2.0	1.0	10.0	1674.47500086	19.0	3.0	5.0
1.0	0.86956519	1.0	0.95454545	0.00297451	0.2658724	0.74047959	9.0	2.0	1.0	11.0	1727.03405547	127.0	4.0	5.0
0.98564595	0.86956519	0.99981682	0.95454545	0.09184159	0.25936987	0.74242424	10.0	1.0	2.0	10.0	1766.75448799	36.0	5.0	5.0
0.85645932	0.69565219	0.94999084	0.8030303	0.36687035	0.63974636	0.38932432	7.0	4.0	3.0	9.0	1802.6992619	10.0	6.0	5.0
1.0	0.82608694	1.0	0.96212121	0.0411543	0.25846987	0.65151515	9.0	2.0	2.0	10.0	1844.38965559	51.0	7.0	5.0
0.98564595	0.73913044	0.99981682	0.88636364	0.08650218	0.46579082	0.50168817	6.0	5.0	1.0	11.0	1883.65017247	34.0	8.0	5.0
0.90430623	0.73913044	0.97755999	0.86363636	0.24812193	0.45378163	0.5164589	10.0	1.0	5.0	7.0	1923.37234926	17.0	9.0	5.0
0.95673078	0.83333331	0.99630041	0.88888889	0.17464401	0.52320113	0.6761234	9.0	3.0	1.0	11.0	1964.64262938	24.0	0.0	6.0
0.91346157	0.79166669	0.97770995	0.90277778	0.24024652	0.39345876	0.60246408	11.0	1.0	4.0	8.0	2004.00018167	16.0	1.0	6.0
0.98564595	0.82608694	0.99981675	0.9469697	0.09482096	0.32003698	0.65151515	10.0	2.0	2.0	9.0	2045.70355058	33.0	2.0	6.0
1.0	0.95652175	1.0	0.99242424	0.00334136	0.08396996	0.91605722	12.0	0.0	1.0	10.0	2098.59280682	116.0	3.0	6.0
0.9665072	0.86956519	0.99688588	0.90909091	0.15382629	0.36972726	0.76764947	11.0	0.0	3.0	9.0	2140.25963426	26.0	4.0	6.0
0.9952153	0.86956519	1.0	0.95454545	0.05314126	0.31574413	0.74047959	9.0	2.0	1.0	11.0	2181.28875661	40.0	5.0	6.0
0.97607654	0.82608694	0.99835135	0.93939394	0.12967449	0.38199473	0.65909298	8.0	3.0	1.0	11.0	2221.57058883	30.0	6.0	6.0
0.85167462	0.73913044	0.95054039	0.81818182	0.34557839	0.55704007	0.48856385	9.0	2.0	4.0	8.0	2258.37344646	12.0	7.0	6.0
0.85645932	0.82608694	0.96812603	0.85606061	0.33577667	0.47538657	0.66414149	10.0	1.0	3.0	9.0	2297.40848565	15.0	8.0	6.0
0.93301433	0.86956519	0.99560359	0.97727273	0.16661511	0.2545684	0.76277007	8.0	3.0	0.0	12.0	2355.49458051	26.0	9.0	6.0
0.875	0.79166669	0.96605623	0.83333333	0.27654733	0.50920259	0.58536941	9.0	3.0	2.0	10.0	2395.44803739	12.0	0.0	7.0
0.96634614	0.83333331	0.99741028	0.93055556	0.1340948	0.35766733	0.66666667	10.0	2.0	2.0	10.0	2436.13648891	30.0	1.0	7.0
1.0	0.9130435	1.0	1.0	0.012991	0.17657217	0.83971912	10.0	2.0	0.0	11.0	2483.82466817	71.0	2.0	7.0
0.98564595	0.82608694	0.99972512	0.93181818	0.11766458	0.37257233	0.66414149	9.0	3.0	1.0	10.0	2526.15284729	36.0	3.0	7.0
0.97607654	0.86956519	0.99835135	0.90909091	0.1070097	0.38696172	0.74242424	10.0	1.0	2.0	10.0	2570.16815138	33.0	4.0	7.0
0.9952153	0.78260869	0.99990841	0.90151515	0.08150518	0.45677194	0.58930667	10.0	1.0	4.0	8.0	2614.26844788	38.0	5.0	7.0
0.99043059	0.9130435	0.99981682	0.9469697	0.1018368	0.32802394	0.82575758	10.0	1.0	1.0	11.0	2658.27098203	35.0	6.0	7.0
1.0	0.95652175	1.0	1.0	0.0252722	0.09291072	0.91605722	10.0	1.0	0.0	12.0	2705.58408642	59.0	7.0	7.0
0.88038278	0.86956519	0.96134823	0.9469697	0.29989479	0.36612383	0.76764947	11.0	0.0	3.0	9.0	2746.69448018	14.0	8.0	7.0
0.81818181	0.73913044	0.94248031	0.84090909	0.37902898	0.53728556	0.47727273	8.0	3.0	3.0	9.0	2785.21986842	11.0	9.0	7.0
0.99519229	0.91666669	0.99990751	0.97222222	0.08278421	0.20987772	0.83333333	11.0	1.0	1.0	11.0	2829.684654	39.0	0.0	8.0
0.99038464	0.83333331	0.99990751	0.84722222	0.08140513	0.43214828	0.6761234	11.0	1.0	3.0	9.0	2875.55931664	32.0	1.0	8.0
0.99043059	0.95652175	0.99972512	0.97727273	0.09883977	0.21879979	0.91666667	11.0	1.0	0.0	11.0	2921.80006099	35.0	2.0	8.0
1.0	0.95652175	1.0	1.0	0.01324032	0.10910412	0.91605722	12.0	0.0	1.0	10.0	2973.24710917	70.0	3.0	8.0
0.96172249	0.82608694	0.99340539	0.93181818	0.18184823	0.39052626	0.69084928	7.0	4.0	0.0	12.0	3021.5693233	24.0	4.0	8.0
0.88995218	0.73913044	0.9706906	0.83333333	0.25507451	0.6525585	0.47727273	8.0	3.0	3.0	9.0	3062.58150578	10.0	5.0	8.0
0.82296652	0.56521738	0.94605239	0.70454545	0.38668398	0.649327	0.12878788	6.0	5.0	5.0	7.0	3104.56584334	11.0	6.0	8.0
1.0	0.9130435	1.0	0.96212121	0.01954683	0.21761997	0.82575758	10.0	1.0	1.0	11.0	3152.71213388	56.0	7.0	8.0
0.9952153	0.86956519	1.0	0.90151515	0.06811082	0.37719172	0.74242424	10.0	1.0	2.0	10.0	3200.01707244	40.0	8.0	8.0
1.0	0.86956519	1.0	0.95454545	0.04157515	0.25563894	0.74242424	10.0	1.0	2.0	10.0	3248.58599949	49.0	9.0	8.0
0.97596157	0.875	0.99842767	0.97916667	0.11916243	0.20730271	0.75261781	11.0	1.0	2.0	10.0	3292.24932361	29.0	0.0	9.0
0.99519229	0.70833331	1.0	0.86111111	0.06292903	0.48953454	0.41812101	8.0	4.0	3.0	9.0	3337.58590436	39.0	1.0	9.0
0.88995218	0.86956519	0.97132124	0.92424242	0.26527925	0.27501842	0.74047959	11.0	1.0	2.0	9.0	3382.33502173	14.0	2.0	9.0
0.90430623	0.56521738	0.97324537	0.60606061	0.24788161	1.1195489	0.12878788	7.0	5.0	5.0	6.0	3423.76479912	8.0	3.0	9.0
0.99043059	0.82608694	0.99972522	0.89393939	0.0925013	0.3917818	0.65151515	9.0	2.0	2.0	10.0	3469.86724257	33.0	4.0	9.0
1.0	0.86956519	1.0	0.96212121	0.02503107	0.26925592	0.74047959	9.0	2.0	1.0	11.0	3521.54092193	52.0	5.0	9.0
1.0	0.95652175	1.0	1.0	0.01551997	0.14984392	0.91666667	11.0	0.0	1.0	11.0	3573.31465507	66.0	6.0	9.0
1.0	0.82608694	1.0	0.9469697	0.03105532	0.31750183	0.65151515	9.0	2.0	2.0	10.0	3620.77338076	48.0	7.0	9.0
1.0	0.9130435	1.0	0.99242424	0.01069499	0.15545544	0.82575758	10.0	1.0	1.0	11.0	3677.88345265	69.0	8.0	9.0
1.0	0.82608694	1.0	0.96969697	0.06418187	0.3153562	0.65909298	8.0	3.0	1.0	11.0	3727.22635818	40.0	9.0	9.0
0.89903843	0.875	0.99056604	0.89583333	0.2351954	0.45070481	0.75261781	10.0	2.0	1.0	11.0	3771.34637594	18.0	0.0	10.0
1.0	0.91666669	1.0	0.98611111	3.869e-05	0.12752869	0.83333333	11.0	1.0	1.0	11.0	3908.03638268	500.0	1.0	10.0
1.0	0.9130435	1.0	0.9469697	0.03698514	0.30312999	0.82575758	11.0	1.0	1.0	10.0	3960.58999252	46.0	2.0	10.0
0.79904306	0.60869563	0.91772036	0.66666667	0.44211924	0.7028861	0.21969697	7.0	5.0	4.0	7.0	4005.27279282	9.0	3.0	10.0
1.0	0.95652175	1.0	1.0	0.00580226	0.10655469	0.91605722	10.0	1.0	0.0	12.0	4064.49958944	89.0	4.0	10.0
0.97129184	0.82608694	0.99853453	0.91666667	0.12198203	0.40251514	0.66414149	10.0	1.0	3.0	9.0	4113.53547859	29.0	5.0	10.0
0.94736844	0.78260869	0.99596996	0.82575758	0.16653959	0.50130118	0.58930667	10.0	1.0	4.0	8.0	4159.99129605	26.0	6.0	10.0
1.0	0.9130435	1.0	0.99242424	0.00282577	0.13799104	0.82575758	10.0	1.0	1.0	11.0	4226.9293344	118.0	7.0	10.0
0.97607654	0.69565219	0.99743543	0.85606061	0.15135418	0.44664962	0.41096386	9.0	2.0	5.0	7.0	4283.72175646	27.0	8.0	10.0
0.9952153	0.86956519	1.0	0.96212121	0.07031884	0.29496227	0.74047959	9.0	2.0	1.0	11.0	4337.71416998	37.0	9.0	10.0
