train_acc	val_acc	train_auc	val_auc	train_loss	val_loss	val_mmc	tn	fp	fn	tp	time	ep_stopped	index_fold	seed
0.87209302	0.60000002	0.96107456	0.6	0.35619673	0.64554685	0.21821789	2.0	3.0	1.0	4.0	33.42037678	14.0	0.0	1.0
1.0	0.60000002	1.0	0.64	0.13194569	0.81768006	0.21821789	2.0	3.0	1.0	4.0	56.40981627	28.0	1.0	1.0
1.0	0.69999999	1.0	0.88	0.06406497	0.43393779	0.40824829	3.0	2.0	1.0	4.0	72.12836003	40.0	2.0	1.0
0.77906978	0.5	0.87997818	0.41666667	0.49000568	0.78588182	-0.08908708	1.0	3.0	2.0	4.0	90.39647937	8.0	3.0	1.0
0.89534885	0.69999999	0.96672122	0.83333333	0.32627029	0.50775307	0.35634832	2.0	2.0	1.0	5.0	106.52365065	16.0	4.0	1.0
1.0	0.69999999	1.0	0.83333333	0.10402792	0.47774729	0.40824829	3.0	1.0	2.0	4.0	121.79123211	31.0	5.0	1.0
0.78160918	0.55555558	0.8840812	0.55	0.501817	0.78520936	0.1	2.0	2.0	2.0	3.0	138.60290384	6.0	6.0	1.0
0.90804595	0.77777779	0.98290598	0.75	0.27667674	0.60684025	0.55	3.0	1.0	1.0	4.0	156.70102644	19.0	7.0	1.0
0.83908045	0.55555558	0.91292735	0.55	0.42036313	0.74237818	0.1	2.0	2.0	2.0	3.0	173.12200999	9.0	8.0	1.0
0.91954023	0.77777779	0.97275641	0.9	0.31375773	0.57847595	0.63245553	4.0	0.0	2.0	3.0	190.45443773	16.0	9.0	1.0
0.93023258	0.80000001	0.98739035	0.72	0.28601188	0.63272619	0.65465367	5.0	0.0	2.0	3.0	207.05602646	20.0	0.0	2.0
0.93023258	0.80000001	0.98355263	0.8	0.30220422	0.59674156	0.65465367	3.0	2.0	0.0	5.0	224.58421803	19.0	1.0	2.0
0.89534885	0.69999999	0.96984649	0.8	0.35741381	0.56956536	0.40824829	3.0	2.0	1.0	4.0	242.34950399	15.0	2.0	2.0
0.94186044	0.60000002	0.99563557	0.75	0.21732749	0.61814439	0.25	3.0	1.0	3.0	3.0	259.57072735	23.0	3.0	2.0
0.80232561	0.5	0.9198036	0.54166667	0.41889565	0.71415108	-0.08908708	1.0	3.0	2.0	4.0	275.77883911	11.0	4.0	2.0
0.86046511	0.69999999	0.94162575	0.5	0.39911106	0.80573618	0.40824829	3.0	1.0	2.0	4.0	292.45700002	11.0	5.0	2.0
0.79310346	0.77777779	0.89957265	0.55	0.47286687	0.71314502	0.5976143	2.0	2.0	0.0	5.0	309.52540731	9.0	6.0	2.0
0.82758623	0.22222222	0.88888889	0.1	0.50551936	0.96747524	-0.55	1.0	3.0	4.0	1.0	327.95650053	6.0	7.0	2.0
0.83908045	0.66666669	0.95032051	0.7	0.37913508	0.63320643	0.31622777	2.0	2.0	1.0	4.0	343.86996388	14.0	8.0	2.0
0.85057473	0.8888889	0.9417735	0.8	0.3790361	0.54005176	0.79056942	3.0	1.0	0.0	5.0	364.03502512	14.0	9.0	2.0
1.0	0.80000001	1.0	0.92	0.09872058	0.43202195	0.65465367	3.0	2.0	0.0	5.0	382.83418798	37.0	0.0	3.0
0.82558137	0.60000002	0.89528509	0.6	0.45116282	0.76969117	0.33333333	1.0	4.0	0.0	5.0	401.33424544	10.0	1.0	3.0
0.76744187	0.30000001	0.87774123	0.24	0.5177178	1.01167786	-0.40824829	1.0	4.0	3.0	2.0	417.19570112	6.0	2.0	3.0
0.89534885	0.80000001	0.96399345	0.83333333	0.3579335	0.48424315	0.66666667	4.0	0.0	2.0	4.0	439.91280556	16.0	3.0	3.0
0.79069769	0.5	0.87288598	0.58333333	0.49927101	0.79246777	0.0	2.0	2.0	3.0	3.0	457.50400496	8.0	4.0	3.0
0.93023258	0.89999998	0.98363339	0.83333333	0.27390324	0.51761305	0.81649658	4.0	0.0	1.0	5.0	475.48969436	21.0	5.0	3.0
1.0	0.8888889	1.0	1.0	0.00126644	0.18640648	0.79056942	3.0	1.0	0.0	5.0	512.5195868	260.0	6.0	3.0
0.87356323	0.66666669	0.95619658	0.7	0.35508648	0.58470744	0.35	3.0	1.0	2.0	3.0	534.6484859	16.0	7.0	3.0
0.82758623	0.55555558	0.92254274	0.55	0.41415862	0.66356951	0.05976143	1.0	3.0	1.0	4.0	552.3012526	11.0	8.0	3.0
0.82758623	0.66666669	0.91613248	0.5	0.49695669	0.71626449	0.31622777	2.0	2.0	1.0	4.0	571.87611914	6.0	9.0	3.0
0.77906978	0.60000002	0.91885965	0.64	0.4419645	0.70391089	0.21821789	2.0	3.0	1.0	4.0	593.76364994	10.0	0.0	4.0
0.82558137	0.60000002	0.92763158	0.72	0.41792379	0.66559112	0.21821789	2.0	3.0	1.0	4.0	613.03734803	11.0	1.0	4.0
0.79069769	0.60000002	0.89035088	0.64	0.49504604	0.72193778	0.21821789	4.0	1.0	3.0	2.0	630.29264545	8.0	2.0	4.0
1.0	0.69999999	1.0	0.83333333	0.09515353	0.43570524	0.40824829	3.0	1.0	2.0	4.0	652.83554006	38.0	3.0	4.0
0.76744187	0.60000002	0.88379705	0.33333333	0.4911992	0.84977186	0.40824829	4.0	0.0	4.0	2.0	673.44527793	7.0	4.0	4.0
1.0	0.89999998	1.0	0.91666667	0.00022758	0.2461503	0.80178373	3.0	1.0	0.0	6.0	731.17084956	500.0	5.0	4.0
0.88505745	0.77777779	0.93429487	0.7	0.39178685	0.61705834	0.55	3.0	1.0	1.0	4.0	750.41611409	12.0	6.0	4.0
0.83908045	0.77777779	0.95673077	0.7	0.40810006	0.61637586	0.5976143	2.0	2.0	0.0	5.0	772.17894697	14.0	7.0	4.0
0.78160918	0.77777779	0.89369658	0.6	0.51398787	0.75198197	0.55	3.0	1.0	1.0	4.0	791.27704883	6.0	8.0	4.0
0.88505745	0.44444445	0.95566239	0.65	0.35183919	0.63093352	-0.15811388	1.0	3.0	2.0	3.0	814.15320182	14.0	9.0	4.0
0.89534885	0.80000001	0.95449561	0.76	0.36256852	0.64792538	0.65465367	3.0	2.0	0.0	5.0	834.74923348	14.0	0.0	5.0
0.89534885	0.5	0.98410088	0.6	0.29691269	0.65354955	0.0	2.0	3.0	2.0	3.0	855.3755455	20.0	1.0	5.0
0.90697676	0.69999999	0.98739035	0.8	0.29224236	0.55983239	0.5	5.0	0.0	3.0	2.0	876.04817438	20.0	2.0	5.0
0.86046511	0.60000002	0.91380251	0.54166667	0.40456031	0.69204724	0.16666667	2.0	2.0	2.0	4.0	897.15023875	12.0	3.0	5.0
0.79069769	0.5	0.87888707	0.25	0.521512	0.86809921	0.0	2.0	2.0	3.0	3.0	920.45202875	6.0	4.0	5.0
0.88372093	0.69999999	0.95744681	0.70833333	0.33581412	0.56394821	0.35634832	2.0	2.0	1.0	5.0	941.98867583	15.0	5.0	5.0
0.74712646	0.44444445	0.86805556	0.35	0.53311523	0.83706051	-0.15811388	1.0	3.0	2.0	3.0	967.04590011	6.0	6.0	5.0
1.0	1.0	1.0	1.0	0.00025442	0.11014351	1.0	4.0	0.0	0.0	5.0	1026.04945683	500.0	7.0	5.0
0.82758623	0.66666669	0.90544872	0.65	0.44059929	0.72857946	0.39528471	1.0	3.0	0.0	5.0	1047.52367687	10.0	8.0	5.0
0.86206895	0.8888889	0.95779915	0.9	0.37132086	0.44758081	0.8	4.0	0.0	1.0	4.0	1068.76590323	17.0	9.0	5.0
0.89534885	0.69999999	0.98519737	0.72	0.31125095	0.64451891	0.5	2.0	3.0	0.0	5.0	1093.25025487	19.0	0.0	6.0
0.87209302	0.60000002	0.9627193	0.8	0.36162599	0.57583606	0.21821789	2.0	3.0	1.0	4.0	1114.72793746	15.0	1.0	6.0
0.80232561	0.5	0.92105263	0.64	0.42202404	0.78908026	0.0	1.0	4.0	1.0	4.0	1136.9501524	10.0	2.0	6.0
0.96511626	0.69999999	0.99727223	0.83333333	0.21276518	0.47274694	0.40824829	3.0	1.0	2.0	4.0	1162.89262772	24.0	3.0	6.0
0.79069769	0.60000002	0.87234043	0.375	0.51984004	0.77266872	0.16666667	2.0	2.0	2.0	4.0	1185.82963371	6.0	4.0	6.0
0.8488372	0.60000002	0.93453355	0.66666667	0.41171538	0.72118914	0.16666667	2.0	2.0	2.0	4.0	1212.40998769	12.0	5.0	6.0
0.93103451	0.66666669	0.99412393	0.55	0.25971591	0.74950743	0.35	3.0	1.0	2.0	3.0	1235.93368578	21.0	6.0	6.0
0.82758623	0.44444445	0.89850427	0.4	0.49463954	0.75800252	-0.15811388	1.0	3.0	2.0	3.0	1259.19831777	6.0	7.0	6.0
0.93103451	0.44444445	0.99145299	0.6	0.27725649	0.706209	-0.1	2.0	2.0	3.0	2.0	1283.49355841	20.0	8.0	6.0
1.0	0.66666669	1.0	1.0	0.16420353	0.50134403	0.47809144	4.0	0.0	3.0	2.0	1310.77042508	31.0	9.0	6.0
0.94186044	0.60000002	0.99780702	0.72	0.2362138	0.64237481	0.2	3.0	2.0	2.0	3.0	1337.16564608	23.0	0.0	7.0
0.76744187	0.60000002	0.88870614	0.52	0.48473951	0.70984584	0.21821789	2.0	3.0	1.0	4.0	1359.3901937	8.0	1.0	7.0
0.86046511	0.5	0.97203947	0.64	0.3440713	0.66373104	0.0	2.0	3.0	2.0	3.0	1382.6115315	18.0	2.0	7.0
0.81395346	0.69999999	0.89798145	0.625	0.45791815	0.76452219	0.35634832	2.0	2.0	1.0	5.0	1405.4565475	10.0	3.0	7.0
1.0	0.5	1.0	0.66666667	0.03631935	0.63563669	0.0	2.0	2.0	3.0	3.0	1436.86586261	62.0	4.0	7.0
0.96511626	0.80000001	0.99399891	0.79166667	0.24450913	0.53625631	0.66666667	4.0	0.0	2.0	4.0	1460.9810524	22.0	5.0	7.0
1.0	1.0	1.0	1.0	0.00029049	0.08678952	1.0	4.0	0.0	0.0	5.0	1522.98800254	500.0	6.0	7.0
0.91954023	0.77777779	0.98504274	0.9	0.28868903	0.53061926	0.5976143	2.0	2.0	0.0	5.0	1547.30341434	22.0	7.0	7.0
0.83908045	0.55555558	0.90117521	0.4	0.49799522	0.80934155	0.05976143	1.0	3.0	1.0	4.0	1571.71225524	6.0	8.0	7.0
0.81609195	0.77777779	0.93643162	0.7	0.42085838	0.62994885	0.55	3.0	1.0	1.0	4.0	1595.94116497	13.0	9.0	7.0
0.83720928	0.60000002	0.92598684	0.36	0.41087367	1.04432249	0.33333333	1.0	4.0	0.0	5.0	1621.19890618	9.0	0.0	8.0
1.0	0.80000001	1.0	0.84	0.00499923	0.43970829	0.6	4.0	1.0	1.0	4.0	1656.28423119	131.0	1.0	8.0
0.80232561	0.69999999	0.91940789	0.6	0.43404401	0.69824302	0.40824829	4.0	1.0	2.0	3.0	1683.74670458	11.0	2.0	8.0
1.0	0.60000002	1.0	0.79166667	0.11703748	0.48829651	0.25	3.0	1.0	3.0	3.0	1711.89148617	37.0	3.0	8.0
0.76744187	0.5	0.87779596	0.5	0.47943306	0.72284842	-0.08908708	1.0	3.0	2.0	4.0	1736.01284719	8.0	4.0	8.0
0.77906978	0.40000001	0.86470267	0.33333333	0.49019397	0.82188255	-0.16666667	2.0	2.0	4.0	2.0	1759.0375731	7.0	5.0	8.0
0.88505745	0.8888889	0.95940171	0.85	0.33766867	0.44751447	0.79056942	3.0	1.0	0.0	5.0	1784.19752955	15.0	6.0	8.0
0.98850572	0.77777779	0.99946581	0.85	0.1650914	0.49206728	0.55	3.0	1.0	1.0	4.0	1813.69752693	29.0	7.0	8.0
1.0	0.8888889	1.0	0.95	0.00022743	0.20647039	0.8	4.0	0.0	1.0	4.0	1885.51752305	500.0	8.0	8.0
0.75862068	0.55555558	0.88782051	0.3	0.49577599	0.9029147	0.15811388	3.0	1.0	3.0	2.0	1912.32443237	6.0	9.0	8.0
0.89534885	0.60000002	0.95559211	0.84	0.35033965	0.56460363	0.21821789	2.0	3.0	1.0	4.0	1939.71986055	15.0	0.0	9.0
0.95348835	0.60000002	0.99506579	0.68	0.21868217	0.65736091	0.2	3.0	2.0	2.0	3.0	1965.25720644	25.0	1.0	9.0
0.94186044	0.69999999	0.99342105	0.92	0.27047173	0.54193389	0.5	2.0	3.0	0.0	5.0	1995.42716956	23.0	2.0	9.0
0.96511626	0.69999999	0.99890889	0.625	0.19477396	0.64778012	0.40824829	3.0	1.0	2.0	4.0	2022.63688707	28.0	3.0	9.0
0.80232561	0.40000001	0.92744135	0.45833333	0.49789181	0.82047319	-0.25	1.0	3.0	3.0	3.0	2052.82509947	6.0	4.0	9.0
1.0	0.89999998	1.0	0.875	0.08678514	0.43618673	0.81649658	4.0	0.0	1.0	5.0	2082.3669076	38.0	5.0	9.0
0.86206895	0.77777779	0.95352564	0.65	0.38794344	0.59167904	0.5976143	2.0	2.0	0.0	5.0	2108.23801112	14.0	6.0	9.0
0.80459768	0.33333334	0.87019231	0.35	0.52663423	0.81268692	-0.35	1.0	3.0	3.0	2.0	2135.77075529	6.0	7.0	9.0
0.82758623	0.77777779	0.92681624	0.6	0.4151164	0.72693115	0.55	3.0	1.0	1.0	4.0	2163.46642184	11.0	8.0	9.0
0.77011496	0.55555558	0.89316239	0.45	0.48007962	0.81390786	0.1	2.0	2.0	2.0	3.0	2191.50206614	9.0	9.0	9.0
0.75581396	0.5	0.88157895	0.2	0.50662028	0.95167589	0.0	1.0	4.0	1.0	4.0	2219.23646498	6.0	0.0	10.0
0.77906978	0.40000001	0.89583333	0.44	0.45857837	0.84325391	-0.2	2.0	3.0	3.0	2.0	2244.80004072	9.0	1.0	10.0
0.87209302	0.89999998	0.96600877	0.8	0.35038034	0.60030639	0.81649658	5.0	0.0	1.0	4.0	2273.24881959	14.0	2.0	10.0
0.88372093	0.69999999	0.94871795	0.70833333	0.36915101	0.59094197	0.35634832	2.0	2.0	1.0	5.0	2301.83259177	13.0	3.0	10.0
1.0	0.69999999	1.0	0.875	0.05234334	0.40619832	0.35634832	2.0	2.0	1.0	5.0	2336.32505417	45.0	4.0	10.0
0.90697676	0.80000001	0.97490453	0.91666667	0.30969659	0.4151338	0.58333333	3.0	1.0	1.0	5.0	2365.78586745	17.0	5.0	10.0
0.82758623	0.55555558	0.89262821	0.5	0.47718207	0.75118071	0.1	2.0	2.0	2.0	3.0	2397.09242105	8.0	6.0	10.0
0.954023	0.66666669	0.99679487	0.75	0.27160588	0.66731155	0.35	3.0	1.0	2.0	3.0	2431.67997766	21.0	7.0	10.0
0.91954023	0.77777779	0.97061966	0.85	0.31978888	0.552634	0.55	3.0	1.0	1.0	4.0	2462.7273035	16.0	8.0	10.0
0.77011496	0.55555558	0.88141026	0.55	0.48774564	0.72352952	0.1	2.0	2.0	2.0	3.0	2490.98537469	8.0	9.0	10.0
