train_acc	val_acc	train_auc	val_auc	train_loss	val_loss	val_mmc	tn	fp	fn	tp	time	ep_stopped	index_fold	seed
0.96296299	0.84615386	0.97889088	0.875	0.2334196	0.42007998	0.675	7.0	1.0	1.0	4.0	52.23693895	10.0	0.0	1.0
1.0	0.91666669	1.0	0.84375	0.05733094	0.32181492	0.81649658	8.0	0.0	1.0	3.0	75.00131607	26.0	1.0	1.0
1.0	0.91666669	1.0	1.0	0.00842119	0.30725467	0.83666003	7.0	1.0	0.0	4.0	100.24750876	60.0	2.0	1.0
0.97247708	0.66666669	0.98555321	0.68571429	0.18039073	0.84016079	0.31428571	5.0	2.0	2.0	3.0	134.08579421	13.0	3.0	1.0
0.97247708	0.83333331	0.9918957	0.8	0.17056062	0.55617768	0.68313005	7.0	0.0	2.0	3.0	155.2642312	14.0	4.0	1.0
1.0	1.0	1.0	1.0	6.37e-05	0.01597615	1.0	7.0	0.0	0.0	5.0	209.22048712	500.0	5.0	1.0
0.98165137	0.5	0.98801973	0.62857143	0.17116051	0.65811986	-0.02857143	4.0	3.0	3.0	2.0	231.7712059	14.0	6.0	1.0
1.0	0.66666669	1.0	0.85714286	0.02027733	0.47076479	0.37142857	4.0	3.0	1.0	4.0	254.9073205	34.0	7.0	1.0
1.0	1.0	1.0	1.0	5.095e-05	0.02757809	1.0	7.0	0.0	0.0	5.0	307.79963684	500.0	8.0	1.0
0.96330273	0.83333331	0.98308668	0.91428571	0.19987027	0.42212844	0.65714286	6.0	1.0	1.0	4.0	328.74856973	13.0	9.0	1.0
1.0	0.84615386	1.0	1.0	0.01105213	0.17353933	0.69282032	8.0	0.0	2.0	3.0	355.6518352	61.0	0.0	2.0
0.99082571	0.91666669	1.0	0.84375	0.05738761	0.60325855	0.81649658	8.0	0.0	1.0	3.0	379.28768802	23.0	1.0	2.0
0.97247708	0.75	0.98146853	0.875	0.19234666	0.4438065	0.40824829	7.0	1.0	2.0	2.0	402.09090233	15.0	2.0	2.0
1.0	0.66666669	1.0	0.82857143	0.03043402	0.48432264	0.31428571	5.0	2.0	2.0	3.0	427.62643242	32.0	3.0	2.0
1.0	0.75	1.0	0.8	0.0657345	0.53726351	0.47809144	6.0	1.0	2.0	3.0	455.36591291	24.0	4.0	2.0
1.0	0.83333331	1.0	0.94285714	0.03120586	0.27390626	0.68313005	7.0	0.0	2.0	3.0	476.82148147	34.0	5.0	2.0
1.0	0.75	1.0	0.94285714	0.03410603	0.40955743	0.50709255	5.0	2.0	1.0	4.0	505.03977609	36.0	6.0	2.0
0.94495416	0.66666669	0.96441156	0.88571429	0.26666056	0.43157375	0.37142857	4.0	3.0	1.0	4.0	527.49848676	10.0	7.0	2.0
0.98165137	0.75	0.9982382	0.8	0.14900673	0.54366964	0.50709255	5.0	2.0	1.0	4.0	552.65614176	18.0	8.0	2.0
0.99082571	0.5	0.98907681	0.4	0.14412714	1.44071054	-0.02857143	4.0	3.0	3.0	2.0	579.73927593	13.0	9.0	2.0
1.0	0.92307693	1.0	0.925	0.02078623	0.29699129	0.84327404	8.0	0.0	1.0	4.0	606.09207559	42.0	0.0	3.0
0.96330273	0.83333331	0.98601399	0.75	0.23170232	0.6371569	0.63245553	8.0	0.0	2.0	2.0	629.29090762	12.0	1.0	3.0
0.99082571	0.66666669	0.99230769	0.65625	0.15862752	0.8571406	0.15811388	7.0	1.0	3.0	1.0	654.47840333	14.0	2.0	3.0
1.0	0.75	1.0	0.88571429	0.03554794	0.39342019	0.47809144	6.0	1.0	2.0	3.0	684.97842646	34.0	3.0	3.0
0.95412844	0.41666666	0.98731501	0.42857143	0.21007091	0.90909362	-0.11952286	2.0	5.0	2.0	3.0	709.67801142	13.0	4.0	3.0
0.95412844	0.75	0.96476392	0.94285714	0.26034386	0.38028726	0.47809144	6.0	1.0	2.0	3.0	733.83016253	11.0	5.0	3.0
0.98165137	0.75	1.0	0.82857143	0.08689717	0.55436772	0.47809144	6.0	1.0	2.0	3.0	759.06696129	23.0	6.0	3.0
1.0	0.91666669	1.0	1.0	0.00843994	0.2424529	0.84515425	6.0	1.0	0.0	5.0	785.07403851	66.0	7.0	3.0
0.98165137	0.91666669	1.0	1.0	0.12237353	0.29900661	0.84515425	6.0	1.0	0.0	5.0	816.3336823	19.0	8.0	3.0
1.0	0.91666669	1.0	0.91428571	0.04784138	0.33085629	0.83666003	7.0	0.0	1.0	4.0	844.85588479	29.0	9.0	3.0
0.97222221	0.69230771	0.98604651	0.675	0.22465007	0.81060529	0.41475753	5.0	3.0	1.0	4.0	869.81352878	10.0	0.0	4.0
0.99082571	0.66666669	1.0	0.875	0.10256174	0.43681803	0.25	6.0	2.0	2.0	2.0	896.95069861	20.0	1.0	4.0
1.0	0.91666669	1.0	0.9375	0.03440925	0.2867049	0.81649658	8.0	0.0	1.0	3.0	926.43191862	31.0	2.0	4.0
0.98165137	0.75	1.0	0.82857143	0.11132655	0.59856266	0.50709255	5.0	2.0	1.0	4.0	952.59469628	18.0	3.0	4.0
1.0	0.83333331	1.0	1.0	0.00329323	0.25810477	0.68313005	7.0	0.0	2.0	3.0	986.20819354	86.0	4.0	4.0
0.89908254	0.66666669	0.95313601	0.74285714	0.31773432	0.63415587	0.31428571	5.0	2.0	2.0	3.0	1017.11850452	8.0	5.0	4.0
1.0	0.83333331	1.0	0.97142857	0.02436077	0.26180974	0.65714286	6.0	1.0	1.0	4.0	1045.65357256	34.0	6.0	4.0
0.99082571	0.75	1.0	0.74285714	0.07091184	0.71998119	0.50709255	5.0	2.0	1.0	4.0	1074.17798567	24.0	7.0	4.0
0.95412844	0.58333331	0.9739253	0.82857143	0.25040831	0.48539698	0.16903085	4.0	3.0	2.0	3.0	1102.03979659	10.0	8.0	4.0
0.94495416	0.91666669	0.97780127	0.97142857	0.24890694	0.35356593	0.84515425	6.0	1.0	0.0	5.0	1125.49605536	12.0	9.0	4.0
0.94444442	0.76923078	0.98998211	0.625	0.2372696	0.79769123	0.50069396	7.0	1.0	2.0	3.0	1152.46735334	13.0	0.0	5.0
0.98165137	0.66666669	0.97832168	0.84375	0.21111755	0.46828413	0.25	6.0	2.0	2.0	2.0	1176.81009674	12.0	1.0	5.0
0.99082571	0.83333331	1.0	0.84375	0.08055748	0.45574546	0.70710678	6.0	2.0	0.0	4.0	1204.70087934	23.0	2.0	5.0
1.0	1.0	1.0	1.0	7.079e-05	0.08316452	1.0	7.0	0.0	0.0	5.0	1277.55609703	500.0	3.0	5.0
1.0	0.66666669	1.0	0.88571429	0.03589912	0.36011073	0.31428571	5.0	2.0	2.0	3.0	1308.16181397	36.0	4.0	5.0
0.98165137	0.66666669	0.99753347	0.8	0.14642803	0.5653879	0.29277002	6.0	1.0	3.0	2.0	1334.64560175	18.0	5.0	5.0
0.99082571	0.83333331	1.0	0.82857143	0.05625309	0.70419401	0.68313005	7.0	0.0	2.0	3.0	1366.2258954	28.0	6.0	5.0
1.0	0.91666669	1.0	1.0	0.00018115	0.12968482	0.83666003	7.0	0.0	1.0	4.0	1420.8631568	338.0	7.0	5.0
0.98165137	0.75	1.0	0.85714286	0.07131958	0.52110273	0.47809144	6.0	1.0	2.0	3.0	1450.6334312	23.0	8.0	5.0
1.0	0.75	1.0	0.88571429	0.04961202	0.4952668	0.50709255	5.0	2.0	1.0	4.0	1481.87112904	30.0	9.0	5.0
1.0	0.92307693	1.0	1.0	6.501e-05	0.09739772	0.85391256	7.0	1.0	0.0	5.0	1553.85468197	500.0	0.0	6.0
1.0	0.75	1.0	0.71875	0.06123845	0.56474012	0.40824829	7.0	1.0	2.0	2.0	1587.67157817	27.0	1.0	6.0
0.99082571	0.66666669	1.0	0.875	0.07124827	0.49966717	0.35355339	5.0	3.0	1.0	3.0	1620.63373303	24.0	2.0	6.0
1.0	0.91666669	1.0	0.94285714	0.00011445	0.25172576	0.84515425	6.0	1.0	0.0	5.0	1682.73967123	426.0	3.0	6.0
1.0	0.75	1.0	0.88571429	0.03308805	0.43956554	0.47809144	6.0	1.0	2.0	3.0	1712.84553027	31.0	4.0	6.0
1.0	0.83333331	1.0	0.77142857	0.05470007	0.49611202	0.68313005	7.0	0.0	2.0	3.0	1741.25097561	28.0	5.0	6.0
0.97247708	0.66666669	0.98696265	0.71428571	0.20139995	0.82544404	0.31428571	5.0	2.0	2.0	3.0	1769.93071532	12.0	6.0	6.0
0.99082571	0.91666669	1.0	0.85714286	0.07030277	0.44084486	0.83666003	7.0	0.0	1.0	4.0	1799.81591773	25.0	7.0	6.0
0.99082571	0.75	1.0	0.74285714	0.07606769	0.81826979	0.47809144	6.0	1.0	2.0	3.0	1834.25407958	21.0	8.0	6.0
0.98165137	0.75	0.98520085	0.85714286	0.17587392	0.45279384	0.47809144	6.0	1.0	2.0	3.0	1861.65357494	14.0	9.0	6.0
0.8425926	0.61538464	0.94955277	0.675	0.34508827	0.78624213	0.15811388	6.0	2.0	3.0	2.0	1889.37018418	8.0	0.0	7.0
0.99082571	0.75	1.0	0.75	0.0779226	0.54182714	0.40824829	7.0	1.0	2.0	2.0	1921.18169832	24.0	1.0	7.0
0.97247708	0.75	0.97692308	0.78125	0.21313988	0.58153725	0.40824829	7.0	1.0	2.0	2.0	1954.70458078	13.0	2.0	7.0
0.98165137	0.91666669	0.99894292	0.94285714	0.14565271	0.3691332	0.84515425	6.0	1.0	0.0	5.0	1990.96989584	18.0	3.0	7.0
1.0	0.91666669	1.0	1.0	0.01189668	0.21122205	0.83666003	7.0	0.0	1.0	4.0	2024.76047587	49.0	4.0	7.0
1.0	0.66666669	1.0	0.88571429	0.01219955	0.36398503	0.31428571	5.0	2.0	2.0	3.0	2057.85962582	60.0	5.0	7.0
1.0	0.58333331	1.0	0.85714286	0.05352597	0.60865527	0.23904572	3.0	4.0	1.0	4.0	2090.3593905	30.0	6.0	7.0
0.98165137	0.83333331	1.0	0.82857143	0.0971887	0.36610475	0.68313005	7.0	0.0	2.0	3.0	2123.09869838	24.0	7.0	7.0
0.98165137	0.66666669	0.99330514	0.85714286	0.18242148	0.63389045	0.29277002	6.0	1.0	3.0	2.0	2155.19729805	17.0	8.0	7.0
0.96330273	0.91666669	0.98837209	0.82857143	0.19735868	0.49643624	0.83666003	7.0	0.0	1.0	4.0	2186.72597337	14.0	9.0	7.0
0.93518519	0.69230771	0.98067979	0.725	0.24425288	0.62835181	0.31754265	7.0	1.0	3.0	2.0	2216.26679182	12.0	0.0	8.0
1.0	0.66666669	1.0	0.75	0.06152226	0.55062056	0.35355339	5.0	3.0	1.0	3.0	2252.9452107	26.0	1.0	8.0
1.0	0.91666669	1.0	0.96875	0.00781352	0.14658211	0.83666003	7.0	1.0	0.0	4.0	2290.74375343	62.0	2.0	8.0
0.98165137	0.66666669	1.0	0.91428571	0.11121014	0.5012185	0.29277002	6.0	1.0	3.0	2.0	2322.39292479	19.0	3.0	8.0
1.0	1.0	1.0	1.0	7.865e-05	0.07349291	1.0	7.0	0.0	0.0	5.0	2402.34602356	500.0	4.0	8.0
0.98165137	0.75	0.9901339	0.8	0.19295261	0.75509501	0.50709255	5.0	2.0	1.0	4.0	2434.36633658	12.0	5.0	8.0
1.0	0.83333331	1.0	0.94285714	0.01173964	0.30326179	0.65714286	6.0	1.0	1.0	4.0	2475.94472075	55.0	6.0	8.0
1.0	0.83333331	1.0	0.91428571	0.00695149	0.28852889	0.68313005	7.0	0.0	2.0	3.0	2514.23858261	64.0	7.0	8.0
1.0	0.75	1.0	0.82857143	0.02896757	0.41269556	0.47809144	6.0	1.0	2.0	3.0	2551.14094019	38.0	8.0	8.0
0.95412844	0.66666669	0.97251586	0.74285714	0.25757911	0.71942228	0.31428571	5.0	2.0	2.0	3.0	2590.0606823	8.0	9.0	8.0
1.0	0.84615386	1.0	0.925	0.05057575	0.42592716	0.73192505	6.0	2.0	0.0	5.0	2624.75787425	30.0	0.0	9.0
1.0	0.91666669	1.0	0.96875	0.00413267	0.18976955	0.81649658	8.0	0.0	1.0	3.0	2666.96169043	82.0	1.0	9.0
1.0	0.83333331	1.0	0.84375	0.03547979	0.39896956	0.625	7.0	1.0	1.0	3.0	2701.90073729	35.0	2.0	9.0
1.0	0.83333331	1.0	0.88571429	0.02644598	0.41021386	0.68313005	7.0	0.0	2.0	3.0	2736.90140867	35.0	3.0	9.0
0.85321099	0.66666669	0.95137421	0.62857143	0.31126859	0.92040426	0.29277002	6.0	1.0	3.0	2.0	2773.78454614	6.0	4.0	9.0
0.97247708	0.75	0.98731501	0.82857143	0.2005125	0.52444506	0.47809144	6.0	1.0	2.0	3.0	2811.99034929	14.0	5.0	9.0
1.0	0.83333331	1.0	0.94285714	0.00162573	0.26433161	0.65714286	6.0	1.0	1.0	4.0	2859.5816474	120.0	6.0	9.0
0.97247708	0.91666669	0.99295278	0.82857143	0.17085104	0.60157138	0.83666003	7.0	0.0	1.0	4.0	2896.996387	13.0	7.0	9.0
1.0	0.66666669	1.0	0.88571429	0.04025802	0.34789801	0.37142857	4.0	3.0	1.0	4.0	2930.02243662	30.0	8.0	9.0
0.99082571	0.83333331	1.0	0.97142857	0.072335	0.39747009	0.68313005	7.0	0.0	2.0	3.0	2966.91686535	23.0	9.0	9.0
0.98148149	0.61538464	0.99928444	0.75	0.11473041	0.63691616	0.21957752	5.0	3.0	2.0	3.0	3007.51750064	20.0	0.0	10.0
1.0	0.83333331	1.0	0.96875	0.0052879	0.21905719	0.625	7.0	1.0	1.0	3.0	3053.68896866	74.0	1.0	10.0
1.0	0.75	1.0	0.75	0.06791065	0.49405929	0.47809144	6.0	2.0	1.0	3.0	3091.68037438	24.0	2.0	10.0
0.98165137	0.83333331	0.99964764	0.94285714	0.14651007	0.36521718	0.68313005	7.0	0.0	2.0	3.0	3123.46293306	15.0	3.0	10.0
0.95412844	0.66666669	0.99330514	0.8	0.20977519	0.7139805	0.37142857	4.0	3.0	1.0	4.0	3156.29943109	12.0	4.0	10.0
0.96330273	0.83333331	0.98766737	0.8	0.190859	0.64959449	0.65714286	6.0	1.0	1.0	4.0	3188.63465786	12.0	5.0	10.0
0.98165137	0.58333331	1.0	0.71428571	0.10681738	0.64990526	0.11952286	5.0	2.0	3.0	2.0	3225.31150365	20.0	6.0	10.0
0.98165137	0.75	1.0	0.82857143	0.12277256	0.55263239	0.50709255	5.0	2.0	1.0	4.0	3257.95774603	18.0	7.0	10.0
1.0	0.75	1.0	0.88571429	0.0189561	0.39733624	0.47809144	6.0	1.0	2.0	3.0	3295.45599484	44.0	8.0	10.0
1.0	1.0	1.0	1.0	8.257e-05	0.01660418	1.0	7.0	0.0	0.0	5.0	3384.72667885	500.0	9.0	10.0
