train_acc	val_acc	train_auc	val_auc	train_loss	val_loss	val_mmc	tn	fp	fn	tp	time	ep_stopped	index_fold	seed
0.93939394	0.72727275	0.98970252	0.83333333	0.18060512	0.43844888	0.24056261	7.0	2.0	1.0	1.0	40.93281102	16.0	0.0	1.0
0.97979796	0.81818181	0.99771167	0.88888889	0.08454986	0.30880472	0.0	9.0	0.0	2.0	0.0	59.48934937	36.0	1.0	1.0
0.969697	0.90909094	0.99256293	0.88888889	0.13487548	0.24087958	0.76980036	8.0	1.0	0.0	2.0	77.08573604	27.0	2.0	1.0
0.95959598	0.90909094	0.99713959	1.0	0.09994994	0.15747727	0.67082039	9.0	0.0	1.0	1.0	95.22159123	33.0	3.0	1.0
0.93939394	0.81818181	0.9902746	0.77777778	0.18859559	0.41215923	0.38888889	8.0	1.0	1.0	1.0	112.69266891	21.0	4.0	1.0
1.0	1.0	1.0	1.0	0.02385375	0.10735182	1.0	8.0	0.0	0.0	3.0	135.63237119	84.0	5.0	1.0
0.98989898	0.72727275	1.0	0.91666667	0.07396607	0.36630151	0.24056261	7.0	1.0	2.0	1.0	154.70878077	39.0	6.0	1.0
1.0	0.90909094	1.0	0.95833333	0.01905819	0.21199302	0.76980036	8.0	0.0	1.0	2.0	175.24960208	79.0	7.0	1.0
0.85858583	0.72727275	0.96989374	0.54166667	0.29405104	0.60650307	0.24056261	7.0	1.0	2.0	1.0	191.53078246	9.0	8.0	1.0
1.0	0.90909094	1.0	1.0	0.03243044	0.18259501	0.76980036	8.0	0.0	1.0	2.0	212.86246395	62.0	9.0	1.0
0.98989898	0.90909094	0.99828375	0.94444444	0.0866612	0.23014979	0.67082039	9.0	0.0	1.0	1.0	236.1977706	35.0	0.0	2.0
1.0	0.81818181	1.0	0.94444444	0.07789411	0.2597419	0.38888889	8.0	1.0	1.0	1.0	255.74283814	41.0	1.0	2.0
1.0	0.90909094	1.0	0.94444444	0.01865772	0.24968004	0.76980036	8.0	1.0	0.0	2.0	278.85701323	88.0	2.0	2.0
0.98989898	0.90909094	0.99885584	0.94444444	0.08032313	0.19084257	0.67082039	9.0	0.0	1.0	1.0	299.93076587	42.0	3.0	2.0
1.0	0.90909094	1.0	1.0	0.00025944	0.14946896	0.76980036	8.0	1.0	0.0	2.0	349.78369069	500.0	4.0	2.0
0.97979796	0.90909094	0.99940968	1.0	0.09307834	0.15593003	0.81009259	7.0	1.0	0.0	3.0	370.51668644	30.0	5.0	2.0
0.969697	0.72727275	0.99409681	1.0	0.13541162	0.4062497	0.0	8.0	0.0	3.0	0.0	394.04324937	22.0	6.0	2.0
0.92929292	0.81818181	0.97638725	0.79166667	0.19875141	0.54247302	0.51639778	8.0	0.0	2.0	1.0	413.49836445	18.0	7.0	2.0
0.9191919	0.72727275	0.97284534	0.70833333	0.24040202	0.57523119	0.24056261	7.0	1.0	2.0	1.0	433.29807091	13.0	8.0	2.0
1.0	0.72727275	1.0	0.79166667	0.04896566	0.4306083	0.24056261	7.0	1.0	2.0	1.0	454.98658776	59.0	9.0	2.0
1.0	0.90909094	1.0	0.94444444	0.045415	0.20409426	0.67082039	9.0	0.0	1.0	1.0	477.29478335	58.0	0.0	3.0
1.0	1.0	1.0	1.0	0.00027228	0.03530769	1.0	9.0	0.0	0.0	2.0	528.89152813	500.0	1.0	3.0
0.79797977	0.81818181	0.97540046	0.44444444	0.35737882	0.53260487	0.0	9.0	0.0	2.0	0.0	549.15032649	8.0	2.0	3.0
0.94949496	0.72727275	0.98741419	0.88888889	0.15218132	0.27907041	-0.1490712	8.0	1.0	2.0	0.0	572.27337623	22.0	3.0	3.0
0.93939394	0.81818181	0.98340961	0.61111111	0.21088146	0.44759414	0.38888889	8.0	1.0	1.0	1.0	592.10593104	17.0	4.0	3.0
0.98989898	0.90909094	1.0	1.0	0.05037307	0.23783278	0.76980036	8.0	0.0	1.0	2.0	616.75181246	57.0	5.0	3.0
1.0	0.90909094	1.0	0.95833333	0.00759339	0.19215892	0.76980036	8.0	0.0	1.0	2.0	644.7160697	111.0	6.0	3.0
1.0	0.90909094	1.0	1.0	0.01869223	0.19303916	0.76980036	8.0	0.0	1.0	2.0	670.0918324	75.0	7.0	3.0
1.0	0.81818181	1.0	0.91666667	0.01816973	0.25344059	0.51639778	8.0	0.0	2.0	1.0	695.63110065	80.0	8.0	3.0
0.94949496	0.72727275	0.98701299	0.79166667	0.18545511	0.46787274	0.24056261	7.0	1.0	2.0	1.0	717.69789052	19.0	9.0	3.0
1.0	1.0	1.0	1.0	0.00023281	0.02440502	1.0	9.0	0.0	0.0	2.0	773.47438216	500.0	0.0	4.0
1.0	1.0	1.0	1.0	0.00846693	0.05593949	1.0	9.0	0.0	0.0	2.0	802.38962221	105.0	1.0	4.0
0.93939394	0.90909094	0.9805492	0.83333333	0.20897714	0.36454102	0.67082039	9.0	0.0	1.0	1.0	822.34104466	17.0	2.0	4.0
0.84848487	0.72727275	0.97826087	0.66666667	0.28687229	0.47822797	-0.1490712	8.0	1.0	2.0	0.0	844.6196053	10.0	3.0	4.0
0.95959598	0.90909094	0.98913043	0.94444444	0.1495414	0.23989721	0.76980036	8.0	1.0	0.0	2.0	867.37645054	30.0	4.0	4.0
0.95959598	0.72727275	0.98819362	0.91666667	0.16065567	0.42096043	0.24056261	7.0	1.0	2.0	1.0	889.30717087	22.0	5.0	4.0
0.94949496	0.81818181	0.9905549	0.875	0.13948963	0.45130157	0.54166667	7.0	1.0	1.0	2.0	911.93880773	21.0	6.0	4.0
1.0	0.90909094	1.0	0.95833333	0.02174038	0.21748042	0.76980036	8.0	0.0	1.0	2.0	938.40387106	79.0	7.0	4.0
0.95959598	0.63636363	0.98524203	0.875	0.15247938	0.45464113	-0.19364917	7.0	1.0	3.0	0.0	960.27485013	23.0	8.0	4.0
1.0	1.0	1.0	1.0	0.00028945	0.06613792	1.0	8.0	0.0	0.0	3.0	1020.05154896	500.0	9.0	4.0
1.0	1.0	1.0	1.0	0.00028173	0.02510881	1.0	9.0	0.0	0.0	2.0	1080.39880967	500.0	0.0	5.0
0.82828283	0.81818181	0.96796339	0.38888889	0.3447256	0.54569989	0.0	9.0	0.0	2.0	0.0	1101.76789761	8.0	1.0	5.0
1.0	0.90909094	1.0	1.0	0.0013617	0.16418456	0.67082039	9.0	0.0	1.0	1.0	1142.02997351	249.0	2.0	5.0
0.98989898	0.90909094	1.0	0.88888889	0.05669606	0.28082311	0.67082039	9.0	0.0	1.0	1.0	1166.9972837	58.0	3.0	5.0
0.95959598	0.90909094	0.99542334	0.94444444	0.11782277	0.1949164	0.67082039	9.0	0.0	1.0	1.0	1190.49489212	30.0	4.0	5.0
0.89898992	0.72727275	0.97874852	0.83333333	0.24814343	0.60275269	0.0	8.0	0.0	3.0	0.0	1212.14443493	13.0	5.0	5.0
0.969697	0.81818181	0.99468713	0.875	0.14440946	0.39865735	0.54166667	7.0	1.0	1.0	2.0	1239.64463544	21.0	6.0	5.0
0.93939394	0.72727275	0.98406139	0.83333333	0.18362816	0.41358986	0.38575837	6.0	2.0	1.0	2.0	1262.88612199	19.0	7.0	5.0
1.0	0.81818181	1.0	1.0	0.00392076	0.22438097	0.51639778	8.0	0.0	2.0	1.0	1300.3361249	187.0	8.0	5.0
0.969697	0.90909094	0.99763872	1.0	0.10233355	0.14180237	0.76980036	8.0	0.0	1.0	2.0	1324.91737676	36.0	9.0	5.0
0.84848487	0.81818181	0.97425629	0.55555556	0.29332212	0.45333803	0.0	9.0	0.0	2.0	0.0	1347.8158915	11.0	0.0	6.0
0.969697	0.90909094	0.99199085	0.83333333	0.14000486	0.34623826	0.67082039	9.0	0.0	1.0	1.0	1372.78534961	22.0	1.0	6.0
1.0	0.90909094	1.0	1.0	0.0002928	0.11700615	0.67082039	9.0	0.0	1.0	1.0	1435.68824387	500.0	2.0	6.0
0.94949496	0.81818181	0.98283753	0.88888889	0.19734778	0.40586841	0.38888889	8.0	1.0	1.0	1.0	1459.16460228	18.0	3.0	6.0
0.87878788	0.81818181	0.97482838	0.5	0.29438761	0.49536237	0.0	9.0	0.0	2.0	0.0	1481.55990887	10.0	4.0	6.0
0.95959598	0.81818181	0.99645809	1.0	0.10390944	0.22632061	0.51639778	8.0	0.0	2.0	1.0	1505.29696012	32.0	5.0	6.0
1.0	1.0	1.0	1.0	0.00036253	0.00666339	1.0	8.0	0.0	0.0	3.0	1569.69862008	500.0	6.0	6.0
0.97979796	0.81818181	0.99822904	0.875	0.09961868	0.33424771	0.51639778	8.0	0.0	2.0	1.0	1597.47005725	42.0	7.0	6.0
0.98989898	0.90909094	0.99881936	0.95833333	0.06242215	0.27183425	0.76980036	8.0	0.0	1.0	2.0	1625.02820539	36.0	8.0	6.0
1.0	1.0	1.0	1.0	0.00020746	0.08748707	1.0	8.0	0.0	0.0	3.0	1693.11856747	500.0	9.0	6.0
0.89898992	0.72727275	0.9805492	0.72222222	0.27823277	0.46561632	-0.1490712	8.0	1.0	2.0	0.0	1721.15081525	11.0	0.0	7.0
0.83838385	0.63636363	0.96624714	0.77777778	0.31465928	0.47072875	-0.22222222	7.0	2.0	2.0	0.0	1746.29237986	10.0	1.0	7.0
0.92929292	0.81818181	0.97139588	0.77777778	0.24483278	0.44572595	0.38888889	8.0	1.0	1.0	1.0	1771.90698385	14.0	2.0	7.0
1.0	1.0	1.0	1.0	0.00019694	0.00539421	1.0	9.0	0.0	0.0	2.0	1839.94279885	500.0	3.0	7.0
1.0	1.0	1.0	1.0	0.0002456	0.02588067	1.0	9.0	0.0	0.0	2.0	1911.3141644	500.0	4.0	7.0
1.0	0.81818181	1.0	0.95833333	0.05190259	0.29213974	0.54166667	7.0	1.0	1.0	2.0	1941.49525881	51.0	5.0	7.0
1.0	0.90909094	1.0	0.95833333	0.04687574	0.17208248	0.76980036	8.0	0.0	1.0	2.0	1971.93359518	57.0	6.0	7.0
0.94949496	0.81818181	0.98465171	0.83333333	0.18594791	0.50532073	0.51639778	8.0	0.0	2.0	1.0	1996.84851408	14.0	7.0	7.0
0.969697	0.72727275	0.99704841	1.0	0.10562824	0.39501527	0.0	8.0	0.0	3.0	0.0	2024.45663142	32.0	8.0	7.0
0.98989898	0.81818181	1.0	0.91666667	0.08691822	0.36192062	0.51639778	8.0	0.0	2.0	1.0	2053.23138428	38.0	9.0	7.0
0.969697	0.90909094	0.99485126	0.88888889	0.12014816	0.28741214	0.67082039	9.0	0.0	1.0	1.0	2082.19119334	31.0	0.0	8.0
0.92929292	0.81818181	0.98226545	0.94444444	0.18908933	0.31344756	0.38888889	8.0	1.0	1.0	1.0	2109.69281077	21.0	1.0	8.0
1.0	1.0	1.0	1.0	0.0002052	0.05251747	1.0	9.0	0.0	0.0	2.0	2179.07635379	500.0	2.0	8.0
0.98989898	0.90909094	1.0	1.0	0.0872086	0.1179679	0.67082039	9.0	0.0	1.0	1.0	2208.63194633	42.0	3.0	8.0
0.969697	0.90909094	0.98913043	1.0	0.14042964	0.17528726	0.67082039	9.0	0.0	1.0	1.0	2241.5680263	29.0	4.0	8.0
0.95959598	0.81818181	0.98642267	0.79166667	0.1727678	0.546211	0.51639778	8.0	0.0	2.0	1.0	2269.79717541	18.0	5.0	8.0
0.98989898	0.81818181	0.99763872	0.91666667	0.07846922	0.35701159	0.67082039	6.0	2.0	0.0	3.0	2299.211833	47.0	6.0	8.0
1.0	1.0	1.0	1.0	0.00020587	0.08415188	1.0	8.0	0.0	0.0	3.0	2373.52362084	500.0	7.0	8.0
0.95959598	0.63636363	0.99763872	0.875	0.09999619	0.37262556	-0.19364917	7.0	1.0	3.0	0.0	2403.70248747	41.0	8.0	8.0
0.89898992	0.72727275	0.97697757	0.79166667	0.24149774	0.60467219	0.0	8.0	0.0	3.0	0.0	2430.11330414	13.0	9.0	8.0
0.93939394	0.81818181	0.98398169	0.83333333	0.17892596	0.33704636	0.0	9.0	0.0	2.0	0.0	2458.05529952	22.0	0.0	9.0
1.0	0.90909094	1.0	1.0	0.00464509	0.12111609	0.67082039	9.0	0.0	1.0	1.0	2496.80752563	130.0	1.0	9.0
0.92929292	0.81818181	0.98283753	0.72222222	0.20336663	0.47101057	0.38888889	8.0	1.0	1.0	1.0	2526.33182573	13.0	2.0	9.0
0.9191919	0.81818181	0.9771167	0.72222222	0.22441116	0.45081595	0.0	9.0	0.0	2.0	0.0	2555.31664443	14.0	3.0	9.0
1.0	1.0	1.0	1.0	0.00022008	0.05873376	1.0	9.0	0.0	0.0	2.0	2632.77861428	500.0	4.0	9.0
1.0	0.90909094	1.0	0.91666667	0.01152905	0.25200665	0.81009259	7.0	1.0	0.0	3.0	2670.57379627	104.0	5.0	9.0
0.969697	0.72727275	0.98996458	0.875	0.15929945	0.47451165	0.24056261	7.0	1.0	2.0	1.0	2700.33968377	17.0	6.0	9.0
0.98989898	0.90909094	1.0	0.95833333	0.05921766	0.18961781	0.76980036	8.0	0.0	1.0	2.0	2734.60141611	51.0	7.0	9.0
0.969697	0.72727275	0.98524203	0.75	0.15456995	0.49576032	0.0	8.0	0.0	3.0	0.0	2766.73137784	21.0	8.0	9.0
1.0	0.90909094	1.0	1.0	0.00663329	0.14402227	0.76980036	8.0	0.0	1.0	2.0	2808.59405613	144.0	9.0	9.0
1.0	0.81818181	1.0	0.94444444	0.00028598	0.16043402	0.38888889	8.0	1.0	1.0	1.0	2892.08398724	500.0	0.0	10.0
0.969697	0.90909094	0.99199085	0.94444444	0.12937578	0.38150886	0.76980036	8.0	1.0	0.0	2.0	2922.28135872	19.0	1.0	10.0
1.0	1.0	1.0	1.0	0.0002276	0.001485	1.0	9.0	0.0	0.0	2.0	3001.04072857	500.0	2.0	10.0
0.95959598	0.81818181	0.99256293	0.88888889	0.17447731	0.38320139	0.0	9.0	0.0	2.0	0.0	3032.46850491	23.0	3.0	10.0
1.0	0.90909094	1.0	0.94444444	0.0396902	0.17138048	0.67082039	9.0	0.0	1.0	1.0	3075.60480881	75.0	4.0	10.0
1.0	0.81818181	1.0	0.95833333	0.01342348	0.22334489	0.54166667	7.0	1.0	1.0	2.0	3115.86559296	111.0	5.0	10.0
0.94949496	0.72727275	0.99586777	0.91666667	0.11164315	0.34171551	0.24056261	7.0	1.0	2.0	1.0	3148.45904613	36.0	6.0	10.0
0.84848487	0.72727275	0.97992916	0.25	0.31763346	0.74189776	0.0	8.0	0.0	3.0	0.0	3180.69510651	8.0	7.0	10.0
1.0	0.81818181	1.0	0.91666667	0.04380704	0.22755638	0.54166667	7.0	1.0	1.0	2.0	3220.74725533	57.0	8.0	10.0
0.98989898	0.90909094	0.99940968	1.0	0.07077764	0.20926715	0.76980036	8.0	0.0	1.0	2.0	3257.9223423	41.0	9.0	10.0
