train_acc	val_acc	train_auc	val_auc	train_loss	val_loss	val_mmc	tn	fp	fn	tp	time	ep_stopped	index_fold	seed
0.7709251	0.69230771	0.86709184	0.5751634	0.51769642	0.6885162	0.24331548	2.0	7.0	1.0	16.0	103.19639063	6.0	0.0	1.0
0.75330395	0.57692307	0.8577381	0.55555556	0.52753627	0.68547964	-0.21004201	0.0	9.0	2.0	15.0	131.84800839	6.0	1.0	1.0
0.91189426	0.65384614	0.99047619	0.64705882	0.36504653	0.62799931	0.13789005	2.0	7.0	2.0	15.0	166.86851287	13.0	2.0	1.0
0.84649122	0.63999999	0.94389855	0.55147059	0.45927192	0.63018289	-0.14002801	0.0	8.0	1.0	16.0	201.87260318	9.0	3.0	1.0
0.96052629	0.63999999	0.99873311	0.83333333	0.26783367	0.5545034	0.08600781	1.0	8.0	1.0	15.0	234.86460447	14.0	4.0	1.0
0.82017541	0.60000002	0.93521959	0.44444444	0.47004494	0.78453384	-0.15309311	0.0	9.0	1.0	15.0	270.80535173	8.0	5.0	1.0
0.81578946	0.47999999	0.9183277	0.51388889	0.48560741	0.70092552	-0.32732684	0.0	9.0	4.0	12.0	309.47189021	8.0	6.0	1.0
0.90789473	0.68000001	0.98961149	0.70138889	0.35190917	0.63563098	0.27216553	1.0	8.0	0.0	16.0	357.34634733	13.0	7.0	1.0
0.85087717	0.63999999	0.96182432	0.53472222	0.42125106	0.73162697	0.12729377	2.0	7.0	2.0	14.0	390.1021688	10.0	8.0	1.0
0.94736844	0.60000002	0.99898649	0.59027778	0.27603086	0.70659233	0.04166667	2.0	7.0	3.0	13.0	428.32942677	17.0	9.0	1.0
0.81497794	0.61538464	0.94642857	0.60784314	0.45804281	0.64065186	-0.00973262	1.0	8.0	2.0	15.0	470.66675258	9.0	0.0	2.0
0.907489	0.53846157	0.98341837	0.5620915	0.33558277	0.69708743	-0.149904	1.0	8.0	4.0	13.0	505.1635139	13.0	1.0	2.0
0.907489	0.69230771	0.99311224	0.76470588	0.34433857	0.59287342	0.27487371	1.0	8.0	0.0	17.0	539.18154788	16.0	2.0	2.0
0.91228068	0.63999999	0.99412111	0.63235294	0.31601707	0.61383615	0.01055501	1.0	7.0	2.0	15.0	577.85866952	14.0	3.0	2.0
0.9868421	0.68000001	0.99915541	0.59722222	0.22919133	0.71226836	0.23592536	2.0	7.0	1.0	15.0	617.98767662	20.0	4.0	2.0
0.83333331	0.60000002	0.94738176	0.52777778	0.44637277	0.70724973	-0.15309311	0.0	9.0	1.0	15.0	665.51683903	9.0	5.0	2.0
0.91666669	0.68000001	0.99324324	0.66666667	0.33907042	0.62851824	0.23592536	2.0	7.0	1.0	15.0	709.76931667	15.0	6.0	2.0
0.83771932	0.56	0.95067568	0.63194444	0.44807706	0.64861699	-0.10001653	1.0	8.0	3.0	13.0	747.06466413	10.0	7.0	2.0
0.86403507	0.60000002	0.96782095	0.59722222	0.39955441	0.70559227	-0.15309311	0.0	9.0	1.0	15.0	779.08506608	11.0	8.0	2.0
0.75877196	0.56	0.85912162	0.40277778	0.52187153	0.76407167	-0.22116293	0.0	9.0	2.0	14.0	827.07614827	6.0	9.0	2.0
0.74008811	0.61538464	0.86241497	0.62091503	0.52775409	0.66778572	-0.00973262	1.0	8.0	2.0	15.0	858.86563015	7.0	0.0	3.0
0.85903084	0.65384614	0.93214286	0.60130719	0.46007368	0.66072458	0.13789005	2.0	7.0	2.0	15.0	897.1971128	9.0	1.0	3.0
0.91189426	0.69230771	0.98460884	0.70588235	0.35736836	0.59833808	0.27487371	1.0	8.0	0.0	17.0	931.79905701	14.0	2.0	3.0
0.9780702	0.68000001	0.99924414	0.71323529	0.2310305	0.60634396	0.11378739	1.0	7.0	1.0	16.0	966.32743764	21.0	3.0	3.0
0.75438595	0.63999999	0.87027027	0.49305556	0.51888493	0.73641235	0.08600781	1.0	8.0	1.0	15.0	999.50262833	6.0	4.0	3.0
0.7719298	0.63999999	0.88217905	0.5625	0.51220707	0.66909276	0.0	0.0	9.0	0.0	16.0	1037.2345295	8.0	5.0	3.0
0.99561405	0.75999999	1.0	0.73611111	0.18368721	0.60897864	0.49236596	3.0	6.0	0.0	16.0	1085.38971448	23.0	6.0	3.0
0.84210527	0.63999999	0.93361486	0.59722222	0.46025364	0.68865014	0.08600781	1.0	8.0	1.0	15.0	1127.41795492	10.0	7.0	3.0
0.79824561	0.56	0.93369932	0.5625	0.47046637	0.68068566	-0.22116293	0.0	9.0	2.0	14.0	1159.45960045	8.0	8.0	3.0
0.7149123	0.56	0.84746622	0.65277778	0.53580318	0.65028964	-0.22116293	0.0	9.0	2.0	14.0	1197.50900674	6.0	9.0	3.0
0.8017621	0.61538464	0.88435374	0.39869281	0.50506573	0.78858738	-0.00973262	1.0	8.0	2.0	15.0	1235.94298363	6.0	0.0	4.0
0.876652	0.69230771	0.98435374	0.70588235	0.38663384	0.59982674	0.24331548	2.0	7.0	1.0	16.0	1270.62037706	12.0	1.0	4.0
0.74889868	0.65384614	0.8582483	0.50326797	0.53169296	0.69188803	0.0	0.0	9.0	0.0	17.0	1302.36526561	6.0	2.0	4.0
0.79385966	0.56	0.90602167	0.65441176	0.50465673	0.60342008	-0.04583492	2.0	6.0	5.0	12.0	1346.6919558	8.0	3.0	4.0
0.89473683	0.63999999	0.98572635	0.75	0.36761183	0.56333609	0.12729377	2.0	7.0	2.0	14.0	1396.87689257	12.0	4.0	4.0
0.75	0.60000002	0.85929054	0.40972222	0.52466012	0.74423566	-0.15309311	0.0	9.0	1.0	15.0	1431.1718595	6.0	5.0	4.0
0.75877196	0.56	0.86385135	0.31944444	0.51229912	0.83484612	-0.22116293	0.0	9.0	2.0	14.0	1466.30328536	6.0	6.0	4.0
0.94736844	0.63999999	0.99847973	0.75694444	0.29806051	0.61081035	0.08600781	1.0	8.0	1.0	15.0	1503.31710672	15.0	7.0	4.0
0.81140351	0.63999999	0.90819257	0.58333333	0.4905065	0.67463177	0.08600781	1.0	8.0	1.0	15.0	1544.47891665	7.0	8.0	4.0
0.90789473	0.72000003	0.99543919	0.75	0.34464486	0.56616566	0.39317855	2.0	7.0	0.0	16.0	1588.62203693	13.0	9.0	4.0
0.77533042	0.65384614	0.85561224	0.4248366	0.52351841	0.78645674	0.09335201	1.0	8.0	1.0	16.0	1636.82892704	6.0	0.0	5.0
0.82378852	0.69230771	0.92610544	0.53594771	0.47551813	0.66281499	0.24331548	2.0	7.0	1.0	16.0	1670.78339267	9.0	1.0	5.0
0.8325991	0.69230771	0.93758503	0.60784314	0.44916157	0.65563311	0.24331548	2.0	7.0	1.0	16.0	1706.2322011	9.0	2.0	5.0
0.89912283	0.68000001	0.98622659	0.58823529	0.35646635	0.66265453	0.11378739	1.0	7.0	1.0	16.0	1743.50725579	14.0	3.0	5.0
0.87719297	0.60000002	0.96435811	0.44444444	0.41440046	0.79804885	-0.02051525	1.0	8.0	2.0	14.0	1781.57801557	11.0	4.0	5.0
0.75438595	0.51999998	0.85033784	0.53472222	0.53328635	0.68510875	-0.27695585	0.0	9.0	3.0	13.0	1828.71858835	6.0	5.0	5.0
0.79385966	0.63999999	0.90101351	0.55555556	0.5090667	0.67048448	0.08600781	1.0	8.0	1.0	15.0	1871.92597365	8.0	6.0	5.0
0.7850877	0.63999999	0.92483108	0.68055556	0.47641029	0.62707786	0.12729377	2.0	7.0	2.0	14.0	1909.09571338	9.0	7.0	5.0
0.74561405	0.63999999	0.85717905	0.54166667	0.532478	0.66796325	0.0	0.0	9.0	0.0	16.0	1953.67539239	7.0	8.0	5.0
0.85964912	0.51999998	0.97964527	0.70833333	0.39884506	0.62723221	-0.27695585	0.0	9.0	3.0	13.0	1990.65700459	11.0	9.0	5.0
0.73127753	0.69230771	0.84345238	0.5620915	0.5426817	0.64656598	0.24331548	2.0	7.0	1.0	16.0	2038.4050045	6.0	0.0	6.0
0.75330395	0.57692307	0.85204082	0.55555556	0.53249204	0.66669021	-0.08618128	1.0	8.0	3.0	14.0	2075.89268541	6.0	1.0	6.0
0.88105726	0.69230771	0.99515306	0.63398693	0.38639279	0.63932676	0.24331548	2.0	7.0	1.0	16.0	2117.28248644	14.0	2.0	6.0
0.82894737	0.56	0.94667003	0.40441176	0.44543323	0.72996453	-0.2533202	0.0	8.0	3.0	14.0	2153.84643078	10.0	3.0	6.0
0.74561405	0.60000002	0.83344595	0.55555556	0.54807411	0.6882737	-0.02051525	1.0	8.0	2.0	14.0	2195.01912308	6.0	4.0	6.0
0.82017541	0.51999998	0.934375	0.54861111	0.4666059	0.72307345	-0.27695585	0.0	9.0	3.0	13.0	2237.01363945	8.0	5.0	6.0
0.78070176	0.68000001	0.91486486	0.63194444	0.48796476	0.63226214	0.23592536	2.0	7.0	1.0	15.0	2275.03268719	8.0	6.0	6.0
0.97368419	0.60000002	0.99983108	0.65277778	0.24114005	0.69677423	-0.15309311	0.0	9.0	1.0	15.0	2320.50625443	18.0	7.0	6.0
0.85087717	0.75999999	0.96570946	0.82638889	0.42761739	0.54892482	0.49236596	3.0	6.0	0.0	16.0	2359.40230751	10.0	8.0	6.0
0.89473683	0.68000001	0.98386824	0.63888889	0.3713228	0.63462367	0.27468517	4.0	5.0	3.0	13.0	2399.61328721	13.0	9.0	6.0
0.82378852	0.69230771	0.92210884	0.60784314	0.47422197	0.6058762	0.27487371	1.0	8.0	0.0	17.0	2436.86688352	8.0	0.0	7.0
0.77533042	0.65384614	0.92040816	0.54248366	0.49488679	0.6709949	0.0	0.0	9.0	0.0	17.0	2476.81261325	9.0	1.0	7.0
0.99559474	0.53846157	0.99991497	0.69281046	0.19145259	0.65103359	-0.01960784	3.0	6.0	6.0	11.0	2520.59158206	23.0	2.0	7.0
0.7280702	0.60000002	0.81884606	0.46323529	0.54724538	0.72095818	0.01606231	2.0	6.0	4.0	13.0	2561.42894459	6.0	3.0	7.0
0.78070176	0.63999999	0.91756757	0.5	0.48965653	0.69799756	0.16390252	3.0	6.0	3.0	13.0	2604.21667409	9.0	4.0	7.0
0.89473683	0.63999999	0.98555743	0.70833333	0.36037389	0.61402261	0.08600781	1.0	8.0	1.0	15.0	2643.83008051	14.0	5.0	7.0
0.87719297	0.63999999	0.97423986	0.56944444	0.40268827	0.70333964	0.0	0.0	9.0	0.0	16.0	2683.31161189	12.0	6.0	7.0
0.7631579	0.63999999	0.89890203	0.65277778	0.51046425	0.65709861	0.0	0.0	9.0	0.0	16.0	2722.75541997	8.0	7.0	7.0
0.85526317	0.63999999	0.97035473	0.57638889	0.4175876	0.68465072	0.12729377	2.0	7.0	2.0	14.0	2767.15309787	11.0	8.0	7.0
0.81578946	0.60000002	0.93623311	0.65277778	0.46272304	0.67178597	-0.02051525	1.0	8.0	2.0	14.0	2810.77051973	10.0	9.0	7.0
0.938326	0.53846157	0.99192177	0.52287582	0.32107886	0.70543356	-0.149904	1.0	8.0	4.0	13.0	2850.66755247	15.0	0.0	8.0
0.84140968	0.65384614	0.95722789	0.74509804	0.44712021	0.57919642	0.09335201	1.0	8.0	1.0	16.0	2897.91121316	11.0	1.0	8.0
0.81938326	0.69230771	0.92363946	0.5751634	0.48932414	0.66541031	0.27487371	1.0	8.0	0.0	17.0	2939.43751454	8.0	2.0	8.0
0.85087717	0.56	0.96044344	0.47058824	0.43835287	0.68776019	-0.2533202	0.0	8.0	3.0	14.0	2977.3809514	10.0	3.0	8.0
0.86403507	0.63999999	0.96275338	0.49305556	0.43542935	0.71122146	0.0	0.0	9.0	0.0	16.0	3019.55140471	11.0	4.0	8.0
0.81140351	0.56	0.92753378	0.55555556	0.47776226	0.69311357	-0.10001653	1.0	8.0	3.0	13.0	3072.63232803	9.0	5.0	8.0
0.74561405	0.44	0.84324324	0.48611111	0.53646536	0.69131835	-0.375	0.0	9.0	5.0	11.0	3113.55880022	6.0	6.0	8.0
0.82017541	0.63999999	0.95709459	0.66666667	0.45250036	0.64187995	0.08600781	1.0	8.0	1.0	15.0	3156.21940684	10.0	7.0	8.0
0.7280702	0.56	0.82263514	0.45138889	0.54731192	0.72056964	-0.22116293	0.0	9.0	2.0	14.0	3201.91075349	6.0	8.0	8.0
0.82894737	0.72000003	0.94755068	0.60416667	0.44175372	0.66241775	0.35460407	3.0	6.0	1.0	15.0	3242.19751763	8.0	9.0	8.0
0.71806169	0.57692307	0.84353741	0.60784314	0.54955032	0.66322199	-0.08618128	1.0	8.0	3.0	14.0	3282.95894837	6.0	0.0	9.0
0.94713658	0.61538464	0.99940476	0.63398693	0.28064618	0.66867358	-0.00973262	1.0	8.0	2.0	15.0	3324.08511472	15.0	1.0	9.0
0.92070484	0.73076922	0.99217687	0.77124183	0.33278942	0.55699795	0.39674602	2.0	7.0	0.0	17.0	3365.32694697	12.0	2.0	9.0
0.90350878	0.63999999	0.99050978	0.51470588	0.36104166	0.67578578	0.01055501	1.0	7.0	2.0	15.0	3416.56589103	15.0	3.0	9.0
0.82456142	0.68000001	0.92711149	0.58333333	0.46943683	0.68461007	0.27216553	1.0	8.0	0.0	16.0	3458.43097448	8.0	4.0	9.0
0.74122804	0.63999999	0.83868243	0.52777778	0.53833536	0.71888398	0.12729377	2.0	7.0	2.0	14.0	3499.21097183	6.0	5.0	9.0
0.88157892	0.63999999	0.9910473	0.57638889	0.37078721	0.69788913	0.08600781	1.0	8.0	1.0	15.0	3545.86324573	13.0	6.0	9.0
0.81140351	0.60000002	0.95160473	0.66666667	0.46788347	0.61187476	0.04166667	2.0	7.0	3.0	13.0	3587.68630457	10.0	7.0	9.0
0.79824561	0.56	0.91503378	0.65277778	0.48262527	0.65400753	-0.22116293	0.0	9.0	2.0	14.0	3630.72481799	8.0	8.0	9.0
0.74122804	0.68000001	0.85405405	0.36805556	0.52803955	0.76082226	0.23592536	2.0	7.0	1.0	15.0	3672.200495	6.0	9.0	9.0
0.75770926	0.57692307	0.86641156	0.60784314	0.52582945	0.67969178	-0.21004201	0.0	9.0	2.0	15.0	3725.73409772	7.0	0.0	10.0
0.83700442	0.69230771	0.94940476	0.61437908	0.42944017	0.64580591	0.24331548	2.0	7.0	1.0	16.0	3773.15795135	9.0	1.0	10.0
0.76651984	0.65384614	0.84141156	0.50980392	0.54374899	0.71550983	0.09335201	1.0	8.0	1.0	16.0	3816.6700902	6.0	2.0	10.0
0.99561405	0.60000002	1.0	0.70588235	0.16543198	0.60990932	-0.0654921	1.0	7.0	3.0	14.0	3867.61186981	24.0	3.0	10.0
0.84210527	0.60000002	0.93978041	0.63194444	0.46187263	0.6678249	-0.15309311	0.0	9.0	1.0	15.0	3912.98154569	8.0	4.0	10.0
0.92543858	0.60000002	0.99704392	0.65277778	0.30302244	0.63433919	-0.02051525	1.0	8.0	2.0	14.0	3963.1521945	16.0	5.0	10.0
0.78947371	0.56	0.93226351	0.63194444	0.47584353	0.64112299	-0.22116293	0.0	9.0	2.0	14.0	4008.25404	8.0	6.0	10.0
0.92543858	0.72000003	0.99628378	0.63888889	0.30474775	0.6422127	0.39317855	2.0	7.0	0.0	16.0	4055.07430863	16.0	7.0	10.0
0.85087717	0.72000003	0.97052365	0.64583333	0.41341556	0.67342392	0.35460407	3.0	6.0	1.0	15.0	4103.9903357	11.0	8.0	10.0
0.87719297	0.60000002	0.98581081	0.65277778	0.39318744	0.62384289	-0.02051525	1.0	8.0	2.0	14.0	4150.59016371	11.0	9.0	10.0
